0.100064
0.100072
0.100075
0.100079
0.100080
0.100080
0.100081
0.100082
0.100082
0.100082
0.100082
0.100082
0.100082
0.100082
0.100082
0.100083
0.100083
0.100083
0.100083
0.100083
0.100083
0.100083
0.100083
0.100083
0.100084
0.100084
0.100084
0.100084
0.100084
0.100084
0.100085
0.100085
0.100085
0.100085
0.100085
0.100085
0.100085
0.100086
0.100086
0.100086
0.100086
0.100086
0.100086
0.100086
0.100086
0.100087
0.100087
0.100087
0.100087
0.100087
0.100087
0.100087
0.100088
0.100088
0.100088
0.100088
0.100088
0.100088
0.100088
0.100088
0.100088
0.100088
0.100088
0.100088
0.100088
0.100088
0.100089
0.100089
0.100089
0.100089
0.100089
0.100089
0.100089
0.100089
0.100089
0.100089
0.100089
0.100089
0.100089
0.100089
0.100089
0.100089
0.100089
0.100089
0.100089
0.100089
0.100089
0.100089
0.100090
0.100090
0.100090
0.100090
0.100090
0.100090
0.100090
0.100090
0.100090
0.100090
0.100090
0.100090
0.100090
0.100090
0.100090
0.100091
0.100091
0.100091
0.100091
0.100092
0.100092
0.100092
0.100092
0.100093
0.100093
0.100094
0.100094
0.100095
0.100095
0.100095
0.100095
0.100095
0.100095
0.100095
0.100095
0.100095
0.100095
0.100095
0.100095
0.100095
0.100095
0.100095
0.100095
0.100095
0.100095
0.100095
0.100095
0.100096
0.100096
0.100096
0.100096
0.100096
0.100096
0.100096
0.100096
0.100096
0.100096
0.100096
0.100096
0.100096
0.100096
0.100096
0.100096
0.100096
0.100097
0.100097
0.100097
0.100097
0.100097
0.100097
0.100097
0.100097
0.100097
0.100097
0.100097
0.100097
0.100097
0.100097
0.100097
0.100097
0.100097
0.100097
0.100097
0.100097
0.100097
0.100097
0.100097
0.100097
0.100098
0.100098
0.100098
0.100098
0.100098
0.100098
0.100098
0.100098
0.100098
0.100098
0.100098
0.100098
0.100098
0.100098
0.100098
0.100098
0.100098
0.100098
0.100098
0.100098
0.100098
0.100098
0.100098
0.100098
0.100098
0.100098
0.100098
0.100098
0.100098
0.100098
0.100098
0.100099
0.100099
0.100099
0.100099
0.100099
0.100099
0.100099
0.100099
0.100099
0.100099
0.100099
0.100099
0.100099
0.100099
0.100099
0.100099
0.100099
0.100099
0.100099
0.100099
0.100099
0.100099
0.100099
0.100099
0.100099
0.100099
0.100099
0.100099
0.100099
0.100099
0.100099
0.100099
0.100099
0.100099
0.100099
0.100099
0.100099
0.100099
0.100099
0.100099
0.100099
0.100099
0.100099
0.100099
0.100099
0.100099
0.100099
0.100099
0.100099
0.100099
0.100099
0.100099
0.100099
0.100099
0.100099
0.100099
0.100099
0.100099
0.100099
0.100099
0.100099
0.100099
0.100099
0.100099
0.100099
0.100099
0.100099
0.100099
0.100099
0.100099
0.100099
0.100099
0.100099
0.100099
0.100099
0.100099
0.100099
0.100099
0.100099
0.100099
0.100099
0.100099
0.100099
0.100099
0.100099
0.100099
0.100099
0.100099
0.100099
0.100099
0.100099
0.100099
0.100099
0.100099
0.100099
0.100099
0.100099
0.100099
0.100099
0.100099
0.100099
0.100099
0.100099
0.100099
0.100099
0.100099
0.100099
0.100099
0.100099
0.100099
0.100099
0.100099
0.100099
0.100099
0.100099
0.100099
0.100099
0.100099
0.100099
0.100099
0.100099
0.100099
0.100099
0.100099
0.100099
0.100099
0.100099
0.100099
0.100099
0.100099
0.100099
0.100100
0.100100
0.100100
0.100100
0.100100
0.100100
0.100100
0.100100
0.100100
0.100100
0.100100
0.100100
0.100100
0.100100
0.100100
0.100100
0.100100
0.100100
0.100100
0.100100
0.100100
0.100100
0.100100
0.100100
0.100100
0.100100
0.100100
0.100100
0.100100
0.100100
0.100100
0.100100
0.100100
0.100100
0.100100
0.100100
0.100100
0.100100
0.100100
0.100100
0.100100
0.100100
0.100100
0.100100
0.100100
0.100100
0.100100
0.100100
0.100100
0.100100
0.100100
0.100100
0.100100
0.100100
0.100100
0.100100
0.100100
0.100100
0.100100
0.100100
0.100100
0.100100
0.100100
0.100100
0.100100
0.100100
0.100100
0.100100
0.100100
0.100100
0.100100
0.100100
0.100100
0.100100
0.100100
0.100100
0.100100
0.100100
0.100100
0.100100
0.100100
0.100100
0.100100
0.100100
0.100100
0.100100
0.100100
0.100100
0.100100
0.100100
0.100100
0.100100
0.100100
0.100100
0.100100
0.100100
0.100100
0.100100
0.100100
0.100100
0.100100
0.100100
0.100100
0.100100
0.100100
0.100100
0.100100
0.100100
0.100100
0.100100
0.100100
0.100100
0.100100
0.100100
0.100100
0.100100
0.100100
0.100100
0.100100
0.100100
0.100100
0.100100
0.100100
0.100100
0.100100
0.100100
0.100100
0.100100
0.100100
0.100100
0.100100
0.100100
0.100100
0.100100
0.100100
0.100100
0.100100
0.100100
0.100100
0.100100
0.100100
0.100100
0.100100
0.100100
0.100100
0.100100
0.100100
0.100100
0.100100
0.100100
0.100100
0.100100
0.100100
0.100100
0.100100
0.100100
0.100100
0.100100
0.100100
0.100100
0.100100
0.100100
0.100100
0.100100
0.100100
0.100100
0.100100
0.100100
0.100100
0.100100
0.100100
0.100100
0.100100
0.100100
0.100100
0.100100
0.100100
0.100100
0.100100
0.100100
0.100100
0.100100
0.100100
0.100100
0.100100
0.100100
0.100100
0.100100
0.100100
0.100100
0.100100
0.100100
0.100100
0.100100
0.100100
0.100100
0.100100
0.100100
0.100100
0.100100
0.100100
0.100100
0.100100
0.100100
0.100100
0.100100
0.100100
0.100100
0.100100
0.100100
0.100100
0.100100
0.100100
0.100100
0.100100
0.100100
0.100100
0.100100
0.100100
0.100100
0.100100
0.100100
0.100100
0.100100
0.100100
0.100100
0.100100
0.100100
0.100100
0.100100
0.100100
0.100100
0.100100
0.100100
0.100100
0.100100
0.100100
0.100100
0.100100
0.100100
0.100100
0.100100
0.100100
0.100100
0.100100
0.100100
0.100100
0.100100
0.100100
0.100100
0.100100
0.100100
0.100100
0.100100
0.100100
0.100100
0.100100
0.100100
0.100100
0.100100
0.100100
0.100100
0.100100
0.100100
0.100100
0.100100
0.100100
0.100100
0.100100
0.100100
0.100100
0.100100
0.100100
0.100100
0.100100
0.100100
0.100100
0.100100
0.100100
0.100100
0.100100
0.100100
0.100100
0.100100
0.100100
0.100100
0.100100
0.100100
0.100100
0.100100
0.100100
0.100100
0.100100
0.100100
0.100100
0.100100
0.100100
0.100100
0.100100
0.100100
0.100100
0.100100
0.100100
0.100100
0.100100
0.100100
0.100100
0.100100
0.100100
0.100100
0.100100
0.100100
0.100100
0.100100
0.100100
0.100100
0.100100
0.100100
0.100100
0.100100
0.100100
0.100100
0.100100
0.100100
0.100100
0.100100
0.100100
0.100100
0.100100
0.100100
0.100100
0.100100
0.100100
0.100100
0.100100
0.100100
0.100100
0.100100
0.100100
0.100100
0.100100
0.100100
0.100100
0.100100
0.100100
0.100100
0.100100
0.100100
0.100100
0.100100
0.100100
0.100100
0.100100
0.100100
0.100100
0.100100
0.100100
0.100100
0.100100
0.100100
0.100100
0.100100
0.100100
0.100100
0.100100
0.100100
0.100100
0.100100
0.100100
0.100100
0.100100
0.100100
0.100100
0.100100
0.100100
0.100100
0.100100
0.100100
0.100100
0.100100
0.100100
0.100100
0.100100
0.100100
0.100100
0.100100
0.100100
0.100100
0.100100
0.100100
0.100100
0.100100
0.100100
0.100100
0.100100
0.100100
0.100100
0.100100
0.100100
0.100100
0.100100
0.100100
0.100100
0.100100
0.100100
0.100100
0.100100
0.100100
0.100100
0.100100
0.100100
0.100100
0.100100
0.100100
0.100100
0.100100
0.100100
0.100100
0.100100
0.100100
0.100100
0.100100
0.100100
0.100100
0.100100
0.100100
0.100100
0.100100
0.100100
0.100100
0.100100
0.100100
0.100100
0.100100
0.100101
0.100101
0.100101
0.100101
0.100101
0.100101
0.100101
0.100101
0.100101
0.100101
0.100101
0.100101
0.100101
0.100101
0.100101
0.100101
0.100101
0.100101
0.100101
0.100101
0.100101
0.100101
0.100101
0.100101
0.100101
0.100101
0.100101
0.100101
0.100101
0.100101
0.100101
0.100101
0.100101
0.100101
0.100101
0.100101
0.100101
0.100101
0.100101
0.100101
0.100101
0.100101
0.100101
0.100101
0.100101
0.100101
0.100101
0.100101
0.100101
0.100101
0.100101
0.100101
0.100101
0.100101
0.100101
0.100101
0.100101
0.100101
0.100101
0.100101
0.100101
0.100101
0.100101
0.100101
0.100101
0.100101
0.100101
0.100101
0.100101
0.100101
0.100101
0.100101
0.100101
0.100101
0.100101
0.100101
0.100101
0.100101
0.100101
0.100101
0.100101
0.100101
0.100101
0.100101
0.100101
0.100101
0.100101
0.100101
0.100101
0.100101
0.100101
0.100101
0.100101
0.100101
0.100101
0.100101
0.100101
0.100101
0.100101
0.100101
0.100101
0.100101
0.100101
0.100101
0.100101
0.100101
0.100101
0.100101
0.100101
0.100101
0.100101
0.100101
0.100101
0.100101
0.100101
0.100101
0.100101
0.100101
0.100101
0.100101
0.100101
0.100101
0.100101
0.100101
0.100101
0.100101
0.100101
0.100101
0.100101
0.100101
0.100101
0.100101
0.100101
0.100101
0.100101
0.100101
0.100101
0.100101
0.100101
0.100101
0.100101
0.100101
0.100101
0.100101
0.100101
0.100101
0.100101
0.100101
0.100101
0.100101
0.100101
0.100101
0.100101
0.100101
0.100101
0.100101
0.100101
0.100101
0.100101
0.100101
0.100101
0.100101
0.100101
0.100101
0.100101
0.100101
0.100101
0.100101
0.100101
0.100101
0.100101
0.100101
0.100101
0.100101
0.100101
0.100101
0.100101
0.100101
0.100101
0.100101
0.100101
0.100101
0.100101
0.100101
0.100101
0.100101
0.100101
0.100101
0.100101
0.100101
0.100101
0.100101
0.100101
0.100101
0.100101
0.100101
0.100101
0.100101
0.100101
0.100101
0.100101
0.100101
0.100101
0.100101
0.100101
0.100101
0.100101
0.100101
0.100101
0.100101
0.100101
0.100101
0.100101
0.100101
0.100101
0.100101
0.100101
0.100101
0.100101
0.100101
0.100101
0.100101
0.100101
0.100101
0.100101
0.100101
0.100101
0.100101
0.100101
0.100101
0.100101
0.100101
0.100101
0.100101
0.100101
0.100101
0.100101
0.100101
0.100101
0.100101
0.100101
0.100101
0.100101
0.100101
0.100101
0.100101
0.100101
0.100101
0.100101
0.100101
0.100101
0.100101
0.100101
0.100101
0.100101
0.100101
0.100101
0.100101
0.100101
0.100101
0.100101
0.100101
0.100101
0.100101
0.100101
0.100101
0.100101
0.100101
0.100101
0.100101
0.100101
0.100101
0.100101
0.100101
0.100101
0.100101
0.100101
0.100101
0.100101
0.100101
0.100101
0.100101
0.100101
0.100101
0.100101
0.100101
0.100101
0.100101
0.100101
0.100101
0.100101
0.100101
0.100101
0.100101
0.100101
0.100101
0.100101
0.100101
0.100101
0.100101
0.100101
0.100101
0.100101
0.100101
0.100101
0.100101
0.100101
0.100101
0.100101
0.100101
0.100101
0.100101
0.100101
0.100101
0.100101
0.100101
0.100101
0.100101
0.100101
0.100101
0.100101
0.100101
0.100101
0.100101
0.100101
0.100101
0.100101
0.100101
0.100101
0.100101
0.100101
0.100101
0.100101
0.100101
0.100101
0.100101
0.100101
0.100101
0.100101
0.100101
0.100101
0.100101
0.100101
0.100101
0.100101
0.100101
0.100101
0.100101
0.100101
0.100101
0.100101
0.100101
0.100101
0.100101
0.100101
0.100101
0.100101
0.100101
0.100101
0.100101
0.100101
0.100101
0.100101
0.100101
0.100101
0.100101
0.100101
0.100101
0.100101
0.100101
0.100101
0.100101
0.100101
0.100101
0.100101
0.100101
0.100101
0.100101
0.100101
0.100101
0.100101
0.100101
0.100101
0.100101
0.100101
0.100101
0.100101
0.100101
0.100101
0.100101
0.100101
0.100101
0.100101
0.100101
0.100101
0.100101
0.100101
0.100101
0.100101
0.100101
0.100101
0.100101
0.100101
0.100101
0.100101
0.100101
0.100101
0.100101
0.100101
0.100101
0.100101
0.100101
0.100101
0.100101
0.100101
0.100101
0.100101
0.100101
0.100101
0.100101
0.100101
0.100101
0.100101
0.100101
0.100101
0.100101
0.100101
0.100101
0.100101
0.100101
0.100101
0.100101
0.100101
0.100101
0.100101
0.100101
0.100101
0.100101
0.100101
0.100101
0.100101
0.100101
0.100101
0.100101
0.100101
0.100101
0.100101
0.100101
0.100101
0.100101
0.100101
0.100101
0.100101
0.100101
0.100101
0.100101
0.100101
0.100101
0.100101
0.100101
0.100101
0.100101
0.100101
0.100101
0.100101
0.100101
0.100101
0.100101
0.100101
0.100101
0.100101
0.100101
0.100101
0.100101
0.100101
0.100101
0.100101
0.100101
0.100101
0.100101
0.100101
0.100101
0.100101
0.100101
0.100101
0.100101
0.100101
0.100101
0.100101
0.100101
0.100101
0.100101
0.100101
0.100101
0.100101
0.100101
0.100101
0.100101
0.100101
0.100101
0.100101
0.100101
0.100101
0.100101
0.100101
0.100101
0.100101
0.100101
0.100101
0.100101
0.100101
0.100101
0.100101
0.100101
0.100101
0.100101
0.100101
0.100101
0.100101
0.100101
0.100101
0.100101
0.100101
0.100101
0.100101
0.100101
0.100101
0.100101
0.100101
0.100101
0.100101
0.100101
0.100101
0.100101
0.100101
0.100101
0.100101
0.100101
0.100101
0.100101
0.100101
0.100101
0.100101
0.100101
0.100101
0.100101
0.100101
0.100101
0.100101
0.100101
0.100101
0.100101
0.100101
0.100101
0.100101
0.100101
0.100101
0.100101
0.100101
0.100101
0.100101
0.100101
0.100101
0.100101
0.100101
0.100101
0.100101
0.100101
0.100101
0.100101
0.100101
0.100101
0.100101
0.100101
0.100101
0.100101
0.100101
0.100101
0.100101
0.100101
0.100101
0.100101
0.100101
0.100101
0.100101
0.100101
0.100101
0.100101
0.100101
0.100101
0.100101
0.100101
0.100101
0.100101
0.100101
0.100101
0.100101
0.100101
0.100101
0.100101
0.100101
0.100101
0.100101
0.100101
0.100101
0.100101
0.100101
0.100101
0.100101
0.100101
0.100101
0.100101
0.100101
0.100101
0.100101
0.100101
0.100101
0.100101
0.100101
0.100101
0.100101
0.100101
0.100101
0.100101
0.100101
0.100101
0.100101
0.100101
0.100101
0.100101
0.100101
0.100101
0.100101
0.100101
0.100101
0.100101
0.100101
0.100101
0.100101
0.100101
0.100101
0.100101
0.100101
0.100101
0.100101
0.100101
0.100101
0.100101
0.100101
0.100101
0.100101
0.100101
0.100101
0.100101
0.100101
0.100101
0.100101
0.100101
0.100101
0.100101
0.100101
0.100101
0.100101
0.100101
0.100101
0.100101
0.100101
0.100101
0.100101
0.100101
0.100101
0.100101
0.100101
0.100101
0.100101
0.100101
0.100101
0.100101
0.100101
0.100101
0.100101
0.100101
0.100101
0.100101
0.100101
0.100101
0.100101
0.100101
0.100101
0.100101
0.100101
0.100101
0.100101
0.100101
0.100101
0.100101
0.100101
0.100101
0.100101
0.100101
0.100101
0.100101
0.100101
0.100101
0.100101
0.100101
0.100101
0.100101
0.100101
0.100101
0.100101
0.100101
0.100101
0.100101
0.100101
0.100101
0.100101
0.100101
0.100101
0.100101
0.100101
0.100101
0.100101
0.100101
0.100101
0.100101
0.100101
0.100101
0.100101
0.100101
0.100101
0.100101
0.100101
0.100101
0.100101
0.100101
0.100101
0.100101
0.100101
0.100101
0.100101
0.100101
0.100101
0.100101
0.100101
0.100101
0.100101
0.100101
0.100101
0.100101
0.100101
0.100101
0.100101
0.100101
0.100101
0.100101
0.100101
0.100101
0.100101
0.100101
0.100101
0.100101
0.100101
0.100101
0.100101
0.100101
0.100101
0.100101
0.100101
0.100101
0.100101
0.100101
0.100101
0.100101
0.100101
0.100101
0.100101
0.100101
0.100101
0.100101
0.100101
0.100101
0.100101
0.100101
0.100101
0.100101
0.100101
0.100101
0.100101
0.100101
0.100101
0.100101
0.100101
0.100101
0.100101
0.100101
0.100101
0.100101
0.100101
0.100101
0.100101
0.100101
0.100101
0.100101
0.100101
0.100101
0.100101
0.100101
0.100101
0.100101
0.100101
0.100101
0.100101
0.100101
0.100101
0.100101
0.100101
0.100101
0.100101
0.100101
0.100101
0.100101
0.100101
0.100101
0.100101
0.100101
0.100101
0.100101
0.100101
0.100101
0.100101
0.100101
0.100101
0.100101
0.100101
0.100101
0.100101
0.100101
0.100101
0.100101
0.100101
0.100101
0.100101
0.100101
0.100101
0.100101
0.100101
0.100101
0.100101
0.100101
0.100101
0.100101
0.100101
0.100101
0.100101
0.100101
0.100101
0.100101
0.100101
0.100101
0.100101
0.100101
0.100102
0.100102
0.100102
0.100102
0.100102
0.100102
0.100102
0.100102
0.100102
0.100102
0.100102
0.100102
0.100102
0.100102
0.100102
0.100102
0.100102
0.100102
0.100102
0.100102
0.100102
0.100102
0.100102
0.100102
0.100102
0.100102
0.100102
0.100102
0.100102
0.100102
0.100102
0.100102
0.100102
0.100102
0.100102
0.100102
0.100102
0.100102
0.100102
0.100102
0.100102
0.100102
0.100102
0.100102
0.100102
0.100102
0.100102
0.100102
0.100102
0.100102
0.100102
0.100102
0.100102
0.100102
0.100102
0.100102
0.100102
0.100102
0.100102
0.100102
0.100102
0.100102
0.100102
0.100102
0.100102
0.100102
0.100102
0.100102
0.100102
0.100102
0.100102
0.100102
0.100102
0.100102
0.100102
0.100102
0.100102
0.100102
0.100102
0.100102
0.100102
0.100102
0.100102
0.100102
0.100102
0.100102
0.100102
0.100102
0.100102
0.100102
0.100102
0.100102
0.100102
0.100102
0.100102
0.100102
0.100102
0.100102
0.100102
0.100102
0.100102
0.100102
0.100102
0.100102
0.100102
0.100102
0.100102
0.100102
0.100102
0.100102
0.100102
0.100102
0.100102
0.100102
0.100102
0.100102
0.100102
0.100102
0.100102
0.100102
0.100102
0.100102
0.100102
0.100102
0.100102
0.100102
0.100102
0.100102
0.100102
0.100102
0.100102
0.100102
0.100102
0.100102
0.100102
0.100102
0.100102
0.100102
0.100102
0.100102
0.100102
0.100102
0.100102
0.100102
0.100102
0.100102
0.100102
0.100102
0.100102
0.100102
0.100102
0.100102
0.100102
0.100102
0.100102
0.100102
0.100102
0.100102
0.100102
0.100102
0.100102
0.100102
0.100102
0.100102
0.100102
0.100102
0.100102
0.100102
0.100102
0.100102
0.100102
0.100102
0.100102
0.100102
0.100102
0.100102
0.100102
0.100102
0.100102
0.100102
0.100102
0.100102
0.100102
0.100102
0.100102
0.100102
0.100102
0.100102
0.100102
0.100102
0.100102
0.100102
0.100102
0.100102
0.100102
0.100102
0.100102
0.100102
0.100102
0.100102
0.100102
0.100102
0.100102
0.100102
0.100102
0.100102
0.100102
0.100102
0.100102
0.100102
0.100102
0.100102
0.100102
0.100102
0.100102
0.100102
0.100102
0.100102
0.100102
0.100102
0.100102
0.100102
0.100102
0.100102
0.100102
0.100102
0.100102
0.100102
0.100102
0.100102
0.100102
0.100102
0.100102
0.100102
0.100102
0.100102
0.100102
0.100102
0.100102
0.100102
0.100102
0.100102
0.100102
0.100102
0.100102
0.100102
0.100102
0.100102
0.100102
0.100102
0.100102
0.100102
0.100102
0.100102
0.100102
0.100102
0.100102
0.100102
0.100102
0.100102
0.100102
0.100102
0.100102
0.100102
0.100102
0.100102
0.100102
0.100102
0.100102
0.100102
0.100102
0.100102
0.100102
0.100102
0.100102
0.100102
0.100102
0.100102
0.100102
0.100102
0.100102
0.100102
0.100102
0.100102
0.100102
0.100102
0.100102
0.100102
0.100102
0.100102
0.100102
0.100102
0.100102
0.100102
0.100102
0.100102
0.100102
0.100102
0.100102
0.100102
0.100102
0.100102
0.100102
0.100102
0.100102
0.100102
0.100102
0.100102
0.100102
0.100102
0.100102
0.100102
0.100102
0.100102
0.100102
0.100102
0.100102
0.100102
0.100102
0.100102
0.100102
0.100102
0.100102
0.100102
0.100102
0.100102
0.100102
0.100102
0.100102
0.100102
0.100102
0.100102
0.100102
0.100102
0.100102
0.100102
0.100102
0.100102
0.100102
0.100102
0.100102
0.100102
0.100102
0.100102
0.100102
0.100102
0.100102
0.100102
0.100102
0.100102
0.100102
0.100102
0.100102
0.100102
0.100102
0.100102
0.100102
0.100102
0.100102
0.100102
0.100102
0.100102
0.100102
0.100102
0.100102
0.100102
0.100102
0.100102
0.100102
0.100102
0.100102
0.100102
0.100102
0.100102
0.100102
0.100102
0.100102
0.100102
0.100102
0.100102
0.100102
0.100102
0.100102
0.100102
0.100102
0.100102
0.100102
0.100102
0.100102
0.100102
0.100102
0.100102
0.100102
0.100102
0.100102
0.100102
0.100102
0.100102
0.100102
0.100102
0.100102
0.100102
0.100102
0.100102
0.100102
0.100102
0.100102
0.100102
0.100102
0.100102
0.100102
0.100102
0.100102
0.100102
0.100102
0.100102
0.100102
0.100102
0.100102
0.100102
0.100102
0.100102
0.100102
0.100102
0.100102
0.100102
0.100102
0.100102
0.100102
0.100102
0.100102
0.100102
0.100102
0.100102
0.100102
0.100102
0.100102
0.100102
0.100102
0.100102
0.100102
0.100102
0.100102
0.100102
0.100102
0.100102
0.100102
0.100102
0.100102
0.100102
0.100102
0.100102
0.100102
0.100102
0.100102
0.100102
0.100102
0.100102
0.100102
0.100102
0.100102
0.100102
0.100102
0.100102
0.100102
0.100102
0.100102
0.100102
0.100102
0.100102
0.100102
0.100102
0.100102
0.100102
0.100102
0.100102
0.100102
0.100102
0.100102
0.100102
0.100102
0.100102
0.100102
0.100102
0.100102
0.100102
0.100102
0.100102
0.100102
0.100102
0.100102
0.100102
0.100102
0.100102
0.100102
0.100102
0.100102
0.100102
0.100102
0.100102
0.100102
0.100102
0.100102
0.100102
0.100102
0.100102
0.100102
0.100102
0.100102
0.100102
0.100102
0.100102
0.100102
0.100102
0.100102
0.100102
0.100102
0.100102
0.100102
0.100102
0.100102
0.100102
0.100102
0.100102
0.100102
0.100102
0.100102
0.100102
0.100102
0.100102
0.100102
0.100102
0.100102
0.100102
0.100102
0.100102
0.100102
0.100102
0.100102
0.100102
0.100102
0.100102
0.100102
0.100102
0.100102
0.100102
0.100102
0.100102
0.100102
0.100102
0.100102
0.100102
0.100102
0.100102
0.100102
0.100102
0.100102
0.100102
0.100102
0.100102
0.100102
0.100102
0.100102
0.100102
0.100102
0.100102
0.100102
0.100102
0.100102
0.100102
0.100102
0.100102
0.100102
0.100102
0.100102
0.100102
0.100102
0.100102
0.100102
0.100102
0.100102
0.100102
0.100102
0.100102
0.100102
0.100102
0.100102
0.100102
0.100102
0.100102
0.100102
0.100102
0.100102
0.100102
0.100102
0.100102
0.100102
0.100102
0.100102
0.100102
0.100102
0.100102
0.100102
0.100102
0.100102
0.100102
0.100102
0.100102
0.100102
0.100102
0.100102
0.100102
0.100102
0.100102
0.100102
0.100102
0.100102
0.100102
0.100102
0.100102
0.100102
0.100102
0.100102
0.100102
0.100102
0.100102
0.100102
0.100102
0.100102
0.100102
0.100102
0.100102
0.100102
0.100102
0.100102
0.100102
0.100102
0.100102
0.100102
0.100102
0.100102
0.100102
0.100102
0.100102
0.100102
0.100102
0.100102
0.100102
0.100102
0.100102
0.100102
0.100102
0.100102
0.100102
0.100102
0.100102
0.100102
0.100102
0.100102
0.100102
0.100102
0.100102
0.100102
0.100102
0.100102
0.100102
0.100102
0.100102
0.100102
0.100102
0.100102
0.100102
0.100102
0.100102
0.100102
0.100102
0.100102
0.100102
0.100102
0.100102
0.100102
0.100102
0.100102
0.100102
0.100102
0.100102
0.100102
0.100102
0.100102
0.100102
0.100102
0.100102
0.100102
0.100102
0.100102
0.100102
0.100102
0.100102
0.100102
0.100102
0.100102
0.100102
0.100102
0.100102
0.100102
0.100102
0.100102
0.100102
0.100102
0.100102
0.100102
0.100102
0.100102
0.100102
0.100102
0.100102
0.100102
0.100102
0.100102
0.100102
0.100102
0.100102
0.100102
0.100102
0.100102
0.100102
0.100102
0.100102
0.100102
0.100102
0.100102
0.100102
0.100102
0.100102
0.100102
0.100102
0.100102
0.100102
0.100102
0.100102
0.100102
0.100102
0.100102
0.100102
0.100102
0.100102
0.100102
0.100102
0.100102
0.100102
0.100102
0.100102
0.100102
0.100102
0.100102
0.100102
0.100102
0.100102
0.100102
0.100102
0.100102
0.100102
0.100102
0.100102
0.100102
0.100102
0.100102
0.100102
0.100102
0.100102
0.100102
0.100102
0.100102
0.100102
0.100102
0.100102
0.100102
0.100102
0.100102
0.100102
0.100102
0.100102
0.100102
0.100102
0.100102
0.100102
0.100102
0.100102
0.100102
0.100102
0.100102
0.100102
0.100102
0.100102
0.100102
0.100102
0.100102
0.100102
0.100102
0.100102
0.100102
0.100102
0.100102
0.100102
0.100102
0.100102
0.100102
0.100102
0.100102
0.100102
0.100102
0.100102
0.100102
0.100102
0.100102
0.100102
0.100102
0.100102
0.100102
0.100102
0.100102
0.100102
0.100102
0.100102
0.100102
0.100102
0.100102
0.100102
0.100102
0.100102
0.100102
0.100102
0.100102
0.100102
0.100102
0.100102
0.100102
0.100102
0.100102
0.100102
0.100102
0.100102
0.100102
0.100102
0.100102
0.100102
0.100102
0.100102
0.100102
0.100102
0.100102
0.100102
0.100102
0.100102
0.100102
0.100102
0.100102
0.100102
0.100102
0.100102
0.100102
0.100102
0.100102
0.100102
0.100102
0.100102
0.100102
0.100102
0.100102
0.100102
0.100102
0.100102
0.100102
0.100102
0.100102
0.100102
0.100102
0.100102
0.100102
0.100102
0.100102
0.100102
0.100102
0.100102
0.100102
0.100102
0.100102
0.100102
0.100102
0.100102
0.100102
0.100102
0.100102
0.100102
0.100102
0.100102
0.100102
0.100102
0.100102
0.100102
0.100102
0.100102
0.100102
0.100102
0.100102
0.100102
0.100102
0.100102
0.100102
0.100102
0.100102
0.100102
0.100102
0.100102
0.100102
0.100102
0.100102
0.100102
0.100102
0.100102
0.100102
0.100102
0.100102
0.100102
0.100102
0.100102
0.100102
0.100102
0.100102
0.100102
0.100102
0.100102
0.100102
0.100102
0.100102
0.100102
0.100102
0.100102
0.100102
0.100102
0.100102
0.100102
0.100102
0.100102
0.100102
0.100102
0.100102
0.100102
0.100103
0.100103
0.100103
0.100103
0.100103
0.100103
0.100103
0.100103
0.100103
0.100103
0.100103
0.100103
0.100103
0.100103
0.100103
0.100103
0.100103
0.100103
0.100103
0.100103
0.100103
0.100103
0.100103
0.100103
0.100103
0.100103
0.100103
0.100103
0.100103
0.100103
0.100103
0.100103
0.100103
0.100103
0.100103
0.100103
0.100103
0.100103
0.100103
0.100103
0.100103
0.100103
0.100103
0.100103
0.100103
0.100103
0.100103
0.100103
0.100103
0.100103
0.100103
0.100103
0.100103
0.100103
0.100103
0.100103
0.100103
0.100103
0.100103
0.100103
0.100103
0.100103
0.100103
0.100103
0.100103
0.100103
0.100103
0.100103
0.100103
0.100103
0.100103
0.100103
0.100103
0.100103
0.100103
0.100103
0.100103
0.100103
0.100103
0.100103
0.100103
0.100103
0.100103
0.100103
0.100103
0.100103
0.100103
0.100103
0.100103
0.100103
0.100103
0.100103
0.100103
0.100103
0.100103
0.100103
0.100103
0.100103
0.100103
0.100103
0.100103
0.100103
0.100103
0.100103
0.100103
0.100103
0.100103
0.100103
0.100103
0.100103
0.100103
0.100103
0.100103
0.100103
0.100103
0.100103
0.100103
0.100103
0.100103
0.100103
0.100103
0.100103
0.100103
0.100103
0.100103
0.100103
0.100103
0.100103
0.100103
0.100103
0.100103
0.100103
0.100103
0.100103
0.100103
0.100103
0.100103
0.100103
0.100103
0.100103
0.100103
0.100103
0.100103
0.100103
0.100103
0.100103
0.100103
0.100103
0.100103
0.100103
0.100103
0.100103
0.100103
0.100103
0.100103
0.100103
0.100103
0.100103
0.100103
0.100103
0.100103
0.100103
0.100103
0.100103
0.100103
0.100103
0.100103
0.100103
0.100103
0.100103
0.100103
0.100103
0.100103
0.100103
0.100103
0.100103
0.100103
0.100103
0.100103
0.100103
0.100103
0.100103
0.100103
0.100103
0.100103
0.100103
0.100103
0.100103
0.100103
0.100103
0.100103
0.100103
0.100103
0.100103
0.100103
0.100103
0.100103
0.100103
0.100103
0.100103
0.100103
0.100103
0.100103
0.100103
0.100103
0.100103
0.100103
0.100103
0.100103
0.100103
0.100103
0.100103
0.100103
0.100103
0.100103
0.100103
0.100103
0.100103
0.100103
0.100103
0.100103
0.100103
0.100103
0.100103
0.100103
0.100103
0.100103
0.100103
0.100103
0.100103
0.100103
0.100103
0.100103
0.100103
0.100103
0.100103
0.100103
0.100103
0.100103
0.100103
0.100103
0.100103
0.100103
0.100103
0.100103
0.100103
0.100103
0.100103
0.100103
0.100103
0.100103
0.100103
0.100103
0.100103
0.100103
0.100103
0.100103
0.100103
0.100103
0.100103
0.100103
0.100103
0.100103
0.100103
0.100103
0.100103
0.100103
0.100103
0.100103
0.100103
0.100103
0.100103
0.100103
0.100103
0.100103
0.100103
0.100103
0.100103
0.100103
0.100103
0.100103
0.100103
0.100103
0.100103
0.100103
0.100103
0.100103
0.100103
0.100103
0.100103
0.100103
0.100103
0.100103
0.100103
0.100103
0.100103
0.100103
0.100103
0.100103
0.100103
0.100103
0.100103
0.100103
0.100103
0.100103
0.100103
0.100103
0.100103
0.100103
0.100103
0.100103
0.100103
0.100103
0.100103
0.100103
0.100103
0.100103
0.100103
0.100103
0.100103
0.100103
0.100103
0.100103
0.100103
0.100103
0.100103
0.100103
0.100103
0.100103
0.100103
0.100103
0.100103
0.100103
0.100103
0.100103
0.100103
0.100103
0.100103
0.100103
0.100103
0.100103
0.100103
0.100103
0.100103
0.100103
0.100103
0.100103
0.100103
0.100103
0.100103
0.100103
0.100103
0.100103
0.100103
0.100103
0.100103
0.100103
0.100103
0.100103
0.100103
0.100103
0.100103
0.100103
0.100103
0.100103
0.100103
0.100103
0.100103
0.100103
0.100103
0.100103
0.100103
0.100103
0.100103
0.100103
0.100103
0.100103
0.100103
0.100103
0.100103
0.100103
0.100103
0.100103
0.100103
0.100103
0.100103
0.100103
0.100103
0.100103
0.100103
0.100103
0.100103
0.100103
0.100103
0.100103
0.100103
0.100103
0.100103
0.100103
0.100103
0.100103
0.100103
0.100103
0.100103
0.100103
0.100103
0.100103
0.100103
0.100103
0.100103
0.100103
0.100103
0.100103
0.100103
0.100103
0.100103
0.100103
0.100103
0.100103
0.100103
0.100103
0.100103
0.100103
0.100103
0.100103
0.100103
0.100103
0.100103
0.100103
0.100103
0.100103
0.100103
0.100103
0.100103
0.100103
0.100103
0.100103
0.100103
0.100103
0.100103
0.100103
0.100103
0.100103
0.100103
0.100103
0.100103
0.100103
0.100103
0.100103
0.100103
0.100103
0.100103
0.100103
0.100103
0.100103
0.100103
0.100103
0.100103
0.100103
0.100103
0.100103
0.100103
0.100103
0.100103
0.100103
0.100103
0.100103
0.100103
0.100103
0.100103
0.100103
0.100103
0.100103
0.100103
0.100103
0.100103
0.100103
0.100103
0.100103
0.100103
0.100103
0.100103
0.100103
0.100103
0.100103
0.100103
0.100103
0.100103
0.100103
0.100103
0.100103
0.100103
0.100103
0.100103
0.100103
0.100103
0.100103
0.100103
0.100103
0.100103
0.100103
0.100103
0.100103
0.100103
0.100103
0.100103
0.100103
0.100103
0.100103
0.100103
0.100103
0.100103
0.100103
0.100103
0.100103
0.100103
0.100103
0.100103
0.100103
0.100103
0.100103
0.100103
0.100103
0.100103
0.100103
0.100103
0.100103
0.100103
0.100103
0.100103
0.100103
0.100103
0.100103
0.100103
0.100103
0.100103
0.100103
0.100103
0.100103
0.100103
0.100103
0.100103
0.100103
0.100103
0.100103
0.100103
0.100103
0.100103
0.100103
0.100103
0.100103
0.100103
0.100103
0.100103
0.100103
0.100103
0.100103
0.100103
0.100103
0.100103
0.100103
0.100103
0.100103
0.100103
0.100103
0.100103
0.100103
0.100103
0.100103
0.100103
0.100103
0.100103
0.100103
0.100103
0.100103
0.100103
0.100103
0.100103
0.100103
0.100103
0.100103
0.100103
0.100103
0.100103
0.100103
0.100103
0.100103
0.100103
0.100103
0.100103
0.100103
0.100103
0.100103
0.100103
0.100103
0.100103
0.100103
0.100103
0.100103
0.100103
0.100103
0.100103
0.100103
0.100103
0.100103
0.100103
0.100103
0.100103
0.100103
0.100103
0.100103
0.100103
0.100103
0.100103
0.100103
0.100103
0.100103
0.100103
0.100103
0.100103
0.100103
0.100103
0.100103
0.100103
0.100103
0.100103
0.100103
0.100103
0.100103
0.100103
0.100103
0.100103
0.100103
0.100103
0.100103
0.100103
0.100103
0.100103
0.100103
0.100103
0.100103
0.100103
0.100103
0.100103
0.100103
0.100103
0.100103
0.100103
0.100103
0.100103
0.100103
0.100103
0.100103
0.100103
0.100103
0.100103
0.100103
0.100103
0.100103
0.100103
0.100103
0.100103
0.100103
0.100103
0.100103
0.100103
0.100103
0.100103
0.100103
0.100103
0.100103
0.100103
0.100103
0.100103
0.100103
0.100103
0.100103
0.100103
0.100103
0.100103
0.100103
0.100103
0.100103
0.100103
0.100103
0.100103
0.100103
0.100103
0.100103
0.100103
0.100103
0.100103
0.100103
0.100103
0.100103
0.100103
0.100103
0.100103
0.100103
0.100103
0.100103
0.100103
0.100103
0.100103
0.100103
0.100103
0.100103
0.100103
0.100103
0.100103
0.100103
0.100103
0.100103
0.100103
0.100103
0.100103
0.100103
0.100103
0.100103
0.100103
0.100103
0.100103
0.100103
0.100103
0.100103
0.100103
0.100103
0.100103
0.100103
0.100103
0.100103
0.100103
0.100103
0.100103
0.100103
0.100103
0.100103
0.100103
0.100103
0.100103
0.100103
0.100103
0.100103
0.100103
0.100103
0.100103
0.100103
0.100103
0.100103
0.100103
0.100103
0.100103
0.100103
0.100103
0.100103
0.100103
0.100103
0.100103
0.100103
0.100103
0.100103
0.100103
0.100103
0.100103
0.100103
0.100103
0.100103
0.100103
0.100103
0.100103
0.100103
0.100103
0.100103
0.100103
0.100103
0.100103
0.100103
0.100103
0.100103
0.100103
0.100103
0.100103
0.100103
0.100103
0.100103
0.100103
0.100103
0.100103
0.100103
0.100103
0.100103
0.100103
0.100103
0.100103
0.100103
0.100103
0.100103
0.100103
0.100103
0.100103
0.100103
0.100103
0.100103
0.100104
0.100104
0.100104
0.100104
0.100104
0.100104
0.100104
0.100104
0.100104
0.100104
0.100104
0.100104
0.100104
0.100104
0.100104
0.100104
0.100104
0.100104
0.100104
0.100104
0.100104
0.100104
0.100104
0.100104
0.100104
0.100104
0.100104
0.100104
0.100104
0.100104
0.100104
0.100104
0.100104
0.100104
0.100104
0.100104
0.100104
0.100104
0.100104
0.100104
0.100104
0.100104
0.100104
0.100104
0.100104
0.100104
0.100104
0.100104
0.100104
0.100104
0.100104
0.100104
0.100104
0.100104
0.100104
0.100104
0.100104
0.100104
0.100104
0.100104
0.100104
0.100104
0.100104
0.100104
0.100104
0.100104
0.100104
0.100104
0.100104
0.100104
0.100104
0.100104
0.100104
0.100104
0.100104
0.100104
0.100104
0.100104
0.100104
0.100104
0.100104
0.100104
0.100104
0.100104
0.100104
0.100104
0.100104
0.100104
0.100104
0.100104
0.100104
0.100104
0.100104
0.100104
0.100104
0.100104
0.100104
0.100104
0.100104
0.100104
0.100104
0.100104
0.100104
0.100104
0.100104
0.100104
0.100104
0.100104
0.100104
0.100104
0.100104
0.100104
0.100104
0.100104
0.100104
0.100104
0.100104
0.100104
0.100104
0.100104
0.100104
0.100104
0.100104
0.100104
0.100104
0.100104
0.100104
0.100104
0.100104
0.100104
0.100104
0.100104
0.100104
0.100104
0.100104
0.100104
0.100104
0.100104
0.100104
0.100104
0.100104
0.100104
0.100104
0.100104
0.100104
0.100104
0.100104
0.100104
0.100104
0.100104
0.100104
0.100104
0.100104
0.100104
0.100104
0.100104
0.100104
0.100104
0.100104
0.100104
0.100104
0.100104
0.100104
0.100104
0.100104
0.100104
0.100104
0.100104
0.100104
0.100104
0.100104
0.100104
0.100104
0.100104
0.100104
0.100104
0.100104
0.100104
0.100104
0.100104
0.100104
0.100104
0.100104
0.100104
0.100104
0.100104
0.100104
0.100104
0.100104
0.100104
0.100104
0.100104
0.100104
0.100104
0.100104
0.100104
0.100104
0.100104
0.100104
0.100104
0.100104
0.100104
0.100104
0.100104
0.100104
0.100104
0.100104
0.100104
0.100104
0.100104
0.100104
0.100104
0.100104
0.100104
0.100104
0.100104
0.100104
0.100104
0.100104
0.100104
0.100104
0.100104
0.100104
0.100104
0.100104
0.100104
0.100104
0.100104
0.100104
0.100104
0.100104
0.100104
0.100104
0.100104
0.100104
0.100104
0.100104
0.100104
0.100104
0.100104
0.100104
0.100104
0.100104
0.100104
0.100104
0.100104
0.100104
0.100104
0.100104
0.100104
0.100104
0.100104
0.100104
0.100104
0.100104
0.100104
0.100104
0.100104
0.100104
0.100104
0.100104
0.100104
0.100104
0.100104
0.100104
0.100104
0.100104
0.100104
0.100104
0.100104
0.100104
0.100104
0.100104
0.100104
0.100104
0.100104
0.100104
0.100104
0.100104
0.100104
0.100104
0.100104
0.100104
0.100104
0.100104
0.100104
0.100104
0.100104
0.100104
0.100104
0.100104
0.100104
0.100104
0.100104
0.100104
0.100104
0.100104
0.100104
0.100104
0.100104
0.100104
0.100104
0.100104
0.100104
0.100104
0.100104
0.100104
0.100104
0.100104
0.100104
0.100104
0.100104
0.100104
0.100104
0.100104
0.100104
0.100104
0.100104
0.100104
0.100104
0.100104
0.100104
0.100104
0.100104
0.100104
0.100104
0.100104
0.100104
0.100104
0.100104
0.100104
0.100104
0.100104
0.100104
0.100104
0.100104
0.100104
0.100104
0.100104
0.100104
0.100104
0.100104
0.100104
0.100104
0.100104
0.100104
0.100104
0.100104
0.100104
0.100104
0.100104
0.100104
0.100104
0.100104
0.100104
0.100104
0.100104
0.100104
0.100104
0.100104
0.100104
0.100104
0.100104
0.100104
0.100104
0.100104
0.100104
0.100104
0.100104
0.100104
0.100104
0.100104
0.100104
0.100104
0.100104
0.100104
0.100104
0.100104
0.100104
0.100104
0.100104
0.100104
0.100104
0.100104
0.100104
0.100104
0.100104
0.100104
0.100104
0.100104
0.100104
0.100104
0.100104
0.100104
0.100104
0.100104
0.100104
0.100104
0.100104
0.100104
0.100104
0.100104
0.100104
0.100104
0.100104
0.100104
0.100104
0.100104
0.100104
0.100104
0.100104
0.100104
0.100104
0.100104
0.100104
0.100104
0.100104
0.100104
0.100104
0.100104
0.100104
0.100104
0.100104
0.100104
0.100104
0.100104
0.100104
0.100104
0.100104
0.100104
0.100104
0.100104
0.100104
0.100104
0.100104
0.100104
0.100104
0.100104
0.100104
0.100104
0.100104
0.100104
0.100104
0.100104
0.100104
0.100104
0.100104
0.100104
0.100104
0.100104
0.100104
0.100104
0.100104
0.100104
0.100104
0.100104
0.100104
0.100104
0.100104
0.100104
0.100104
0.100104
0.100104
0.100104
0.100104
0.100104
0.100104
0.100104
0.100104
0.100104
0.100104
0.100104
0.100104
0.100104
0.100104
0.100104
0.100104
0.100104
0.100104
0.100104
0.100104
0.100104
0.100104
0.100104
0.100104
0.100104
0.100104
0.100104
0.100104
0.100104
0.100104
0.100104
0.100104
0.100104
0.100104
0.100104
0.100104
0.100104
0.100104
0.100104
0.100104
0.100104
0.100104
0.100104
0.100104
0.100104
0.100104
0.100104
0.100104
0.100104
0.100104
0.100104
0.100104
0.100104
0.100104
0.100104
0.100104
0.100104
0.100104
0.100104
0.100104
0.100104
0.100104
0.100104
0.100104
0.100104
0.100104
0.100104
0.100104
0.100104
0.100104
0.100104
0.100104
0.100104
0.100104
0.100104
0.100104
0.100104
0.100104
0.100104
0.100104
0.100104
0.100104
0.100104
0.100104
0.100104
0.100104
0.100104
0.100104
0.100104
0.100104
0.100104
0.100104
0.100104
0.100104
0.100104
0.100104
0.100104
0.100104
0.100104
0.100104
0.100104
0.100104
0.100104
0.100104
0.100104
0.100104
0.100104
0.100104
0.100104
0.100104
0.100104
0.100104
0.100104
0.100105
0.100105
0.100105
0.100105
0.100105
0.100105
0.100105
0.100105
0.100105
0.100105
0.100105
0.100105
0.100105
0.100105
0.100105
0.100105
0.100105
0.100105
0.100105
0.100105
0.100105
0.100105
0.100105
0.100105
0.100105
0.100105
0.100105
0.100105
0.100105
0.100105
0.100105
0.100105
0.100105
0.100105
0.100105
0.100105
0.100105
0.100105
0.100105
0.100105
0.100105
0.100105
0.100105
0.100105
0.100105
0.100105
0.100105
0.100105
0.100105
0.100105
0.100105
0.100105
0.100105
0.100105
0.100105
0.100105
0.100105
0.100105
0.100105
0.100105
0.100105
0.100105
0.100105
0.100105
0.100105
0.100105
0.100105
0.100105
0.100105
0.100105
0.100105
0.100105
0.100105
0.100105
0.100105
0.100105
0.100105
0.100105
0.100105
0.100105
0.100105
0.100105
0.100105
0.100105
0.100105
0.100105
0.100105
0.100105
0.100105
0.100105
0.100105
0.100105
0.100105
0.100105
0.100105
0.100105
0.100105
0.100105
0.100105
0.100105
0.100105
0.100105
0.100105
0.100105
0.100105
0.100105
0.100105
0.100105
0.100105
0.100105
0.100105
0.100105
0.100105
0.100105
0.100105
0.100105
0.100105
0.100105
0.100105
0.100105
0.100105
0.100105
0.100105
0.100105
0.100105
0.100105
0.100105
0.100105
0.100105
0.100105
0.100105
0.100105
0.100105
0.100105
0.100105
0.100105
0.100105
0.100105
0.100105
0.100105
0.100105
0.100105
0.100105
0.100105
0.100105
0.100105
0.100105
0.100105
0.100105
0.100105
0.100105
0.100105
0.100105
0.100105
0.100105
0.100105
0.100105
0.100105
0.100105
0.100105
0.100105
0.100105
0.100105
0.100105
0.100105
0.100105
0.100105
0.100105
0.100105
0.100105
0.100105
0.100105
0.100105
0.100105
0.100105
0.100105
0.100105
0.100105
0.100105
0.100105
0.100105
0.100105
0.100105
0.100105
0.100105
0.100105
0.100105
0.100105
0.100105
0.100105
0.100105
0.100105
0.100105
0.100105
0.100105
0.100105
0.100105
0.100105
0.100105
0.100105
0.100105
0.100105
0.100105
0.100105
0.100105
0.100105
0.100105
0.100105
0.100105
0.100105
0.100105
0.100105
0.100105
0.100105
0.100105
0.100105
0.100105
0.100105
0.100105
0.100105
0.100105
0.100105
0.100105
0.100105
0.100105
0.100105
0.100105
0.100105
0.100105
0.100105
0.100105
0.100105
0.100105
0.100105
0.100105
0.100105
0.100105
0.100105
0.100105
0.100105
0.100105
0.100105
0.100105
0.100105
0.100105
0.100105
0.100105
0.100105
0.100105
0.100105
0.100105
0.100105
0.100105
0.100105
0.100105
0.100105
0.100105
0.100105
0.100105
0.100105
0.100105
0.100105
0.100105
0.100105
0.100105
0.100105
0.100105
0.100105
0.100105
0.100105
0.100105
0.100105
0.100105
0.100105
0.100105
0.100105
0.100105
0.100105
0.100105
0.100105
0.100105
0.100105
0.100105
0.100105
0.100105
0.100105
0.100105
0.100105
0.100105
0.100105
0.100105
0.100105
0.100105
0.100105
0.100105
0.100105
0.100105
0.100105
0.100105
0.100105
0.100105
0.100105
0.100105
0.100105
0.100105
0.100105
0.100105
0.100105
0.100105
0.100105
0.100105
0.100105
0.100105
0.100105
0.100105
0.100105
0.100105
0.100105
0.100105
0.100105
0.100105
0.100105
0.100105
0.100105
0.100105
0.100105
0.100105
0.100105
0.100105
0.100105
0.100105
0.100105
0.100105
0.100105
0.100105
0.100105
0.100105
0.100105
0.100105
0.100105
0.100105
0.100105
0.100105
0.100105
0.100105
0.100105
0.100105
0.100105
0.100105
0.100105
0.100105
0.100105
0.100105
0.100105
0.100105
0.100105
0.100105
0.100105
0.100105
0.100105
0.100105
0.100105
0.100105
0.100105
0.100105
0.100105
0.100105
0.100105
0.100105
0.100105
0.100105
0.100105
0.100105
0.100105
0.100105
0.100105
0.100105
0.100105
0.100105
0.100105
0.100105
0.100105
0.100105
0.100106
0.100106
0.100106
0.100106
0.100106
0.100106
0.100106
0.100106
0.100106
0.100106
0.100106
0.100106
0.100106
0.100106
0.100106
0.100106
0.100106
0.100106
0.100106
0.100106
0.100106
0.100106
0.100106
0.100106
0.100106
0.100106
0.100106
0.100106
0.100106
0.100106
0.100106
0.100106
0.100106
0.100106
0.100106
0.100106
0.100106
0.100106
0.100106
0.100106
0.100106
0.100106
0.100106
0.100106
0.100106
0.100106
0.100106
0.100106
0.100106
0.100106
0.100106
0.100106
0.100106
0.100106
0.100106
0.100106
0.100106
0.100106
0.100106
0.100106
0.100106
0.100106
0.100106
0.100106
0.100106
0.100106
0.100106
0.100106
0.100106
0.100106
0.100106
0.100106
0.100106
0.100106
0.100106
0.100106
0.100106
0.100106
0.100106
0.100106
0.100106
0.100106
0.100106
0.100106
0.100106
0.100106
0.100106
0.100106
0.100106
0.100106
0.100106
0.100106
0.100106
0.100106
0.100106
0.100106
0.100106
0.100106
0.100106
0.100106
0.100106
0.100106
0.100106
0.100106
0.100106
0.100106
0.100106
0.100106
0.100106
0.100106
0.100106
0.100106
0.100106
0.100106
0.100106
0.100106
0.100106
0.100106
0.100106
0.100106
0.100106
0.100106
0.100106
0.100106
0.100106
0.100106
0.100106
0.100106
0.100106
0.100106
0.100106
0.100106
0.100106
0.100106
0.100106
0.100106
0.100106
0.100106
0.100106
0.100106
0.100106
0.100106
0.100106
0.100106
0.100106
0.100106
0.100106
0.100106
0.100106
0.100106
0.100106
0.100106
0.100106
0.100106
0.100106
0.100106
0.100106
0.100106
0.100106
0.100106
0.100106
0.100106
0.100106
0.100106
0.100106
0.100106
0.100106
0.100106
0.100106
0.100106
0.100106
0.100106
0.100106
0.100106
0.100106
0.100106
0.100106
0.100106
0.100106
0.100106
0.100106
0.100106
0.100106
0.100106
0.100106
0.100106
0.100106
0.100106
0.100106
0.100106
0.100106
0.100106
0.100106
0.100106
0.100106
0.100106
0.100106
0.100106
0.100106
0.100106
0.100106
0.100106
0.100106
0.100106
0.100106
0.100106
0.100106
0.100106
0.100106
0.100106
0.100106
0.100106
0.100106
0.100106
0.100106
0.100106
0.100106
0.100106
0.100106
0.100106
0.100106
0.100106
0.100106
0.100106
0.100106
0.100106
0.100106
0.100106
0.100106
0.100106
0.100106
0.100106
0.100106
0.100106
0.100106
0.100106
0.100106
0.100106
0.100106
0.100106
0.100106
0.100106
0.100106
0.100106
0.100106
0.100106
0.100106
0.100106
0.100106
0.100106
0.100106
0.100106
0.100106
0.100106
0.100106
0.100106
0.100106
0.100106
0.100106
0.100106
0.100106
0.100106
0.100106
0.100106
0.100106
0.100106
0.100106
0.100106
0.100106
0.100106
0.100106
0.100106
0.100106
0.100106
0.100106
0.100106
0.100106
0.100106
0.100106
0.100106
0.100106
0.100106
0.100106
0.100106
0.100106
0.100106
0.100106
0.100106
0.100106
0.100106
0.100106
0.100107
0.100107
0.100107
0.100107
0.100107
0.100107
0.100107
0.100107
0.100107
0.100107
0.100107
0.100107
0.100107
0.100107
0.100107
0.100107
0.100107
0.100107
0.100107
0.100107
0.100107
0.100107
0.100107
0.100107
0.100107
0.100107
0.100107
0.100107
0.100107
0.100107
0.100107
0.100107
0.100107
0.100107
0.100107
0.100107
0.100107
0.100107
0.100107
0.100107
0.100107
0.100107
0.100107
0.100107
0.100107
0.100107
0.100107
0.100107
0.100107
0.100107
0.100107
0.100107
0.100107
0.100107
0.100107
0.100107
0.100107
0.100107
0.100107
0.100107
0.100107
0.100107
0.100107
0.100107
0.100107
0.100107
0.100107
0.100107
0.100107
0.100107
0.100107
0.100107
0.100107
0.100107
0.100107
0.100107
0.100107
0.100107
0.100107
0.100107
0.100107
0.100107
0.100107
0.100107
0.100107
0.100107
0.100107
0.100107
0.100107
0.100107
0.100107
0.100107
0.100107
0.100107
0.100107
0.100107
0.100107
0.100107
0.100107
0.100107
0.100107
0.100107
0.100107
0.100107
0.100107
0.100107
0.100107
0.100107
0.100107
0.100107
0.100107
0.100107
0.100107
0.100107
0.100107
0.100107
0.100107
0.100107
0.100107
0.100107
0.100107
0.100107
0.100107
0.100107
0.100107
0.100107
0.100107
0.100107
0.100107
0.100107
0.100107
0.100107
0.100107
0.100107
0.100107
0.100107
0.100107
0.100107
0.100107
0.100107
0.100107
0.100107
0.100107
0.100107
0.100107
0.100107
0.100107
0.100107
0.100107
0.100107
0.100107
0.100107
0.100107
0.100107
0.100107
0.100107
0.100107
0.100107
0.100107
0.100107
0.100107
0.100107
0.100107
0.100107
0.100107
0.100107
0.100107
0.100107
0.100107
0.100107
0.100107
0.100107
0.100107
0.100107
0.100107
0.100107
0.100107
0.100107
0.100107
0.100107
0.100107
0.100107
0.100107
0.100107
0.100107
0.100107
0.100107
0.100107
0.100107
0.100107
0.100107
0.100107
0.100107
0.100107
0.100108
0.100108
0.100108
0.100108
0.100108
0.100108
0.100108
0.100108
0.100108
0.100108
0.100108
0.100108
0.100108
0.100108
0.100108
0.100108
0.100108
0.100108
0.100108
0.100108
0.100108
0.100108
0.100108
0.100108
0.100108
0.100108
0.100108
0.100108
0.100108
0.100108
0.100108
0.100108
0.100108
0.100108
0.100108
0.100108
0.100108
0.100108
0.100108
0.100108
0.100108
0.100108
0.100108
0.100108
0.100108
0.100108
0.100108
0.100108
0.100108
0.100108
0.100108
0.100108
0.100108
0.100108
0.100108
0.100108
0.100108
0.100108
0.100108
0.100108
0.100108
0.100108
0.100108
0.100108
0.100108
0.100108
0.100108
0.100108
0.100108
0.100108
0.100108
0.100108
0.100108
0.100108
0.100108
0.100108
0.100108
0.100108
0.100108
0.100108
0.100108
0.100108
0.100108
0.100108
0.100108
0.100108
0.100108
0.100108
0.100108
0.100108
0.100108
0.100108
0.100108
0.100108
0.100108
0.100108
0.100108
0.100108
0.100108
0.100108
0.100108
0.100108
0.100108
0.100108
0.100108
0.100108
0.100108
0.100108
0.100108
0.100108
0.100108
0.100108
0.100108
0.100108
0.100108
0.100108
0.100108
0.100108
0.100108
0.100108
0.100108
0.100109
0.100109
0.100109
0.100109
0.100109
0.100109
0.100109
0.100109
0.100109
0.100109
0.100109
0.100109
0.100109
0.100109
0.100109
0.100109
0.100109
0.100109
0.100109
0.100109
0.100109
0.100109
0.100109
0.100109
0.100109
0.100109
0.100109
0.100109
0.100109
0.100109
0.100109
0.100109
0.100109
0.100109
0.100109
0.100109
0.100109
0.100109
0.100109
0.100109
0.100109
0.100109
0.100109
0.100109
0.100109
0.100109
0.100109
0.100109
0.100109
0.100109
0.100109
0.100109
0.100109
0.100109
0.100109
0.100109
0.100109
0.100109
0.100109
0.100109
0.100109
0.100109
0.100109
0.100109
0.100109
0.100109
0.100110
0.100110
0.100110
0.100110
0.100110
0.100110
0.100110
0.100110
0.100110
0.100110
0.100110
0.100110
0.100110
0.100110
0.100110
0.100110
0.100110
0.100110
0.100110
0.100110
0.100110
0.100110
0.100110
0.100110
0.100110
0.100110
0.100110
0.100110
0.100110
0.100110
0.100110
0.100110
0.100110
0.100110
0.100110
0.100110
0.100110
0.100110
0.100110
0.100110
0.100110
0.100110
0.100110
0.100110
0.100110
0.100110
0.100110
0.100110
0.100110
0.100110
0.100110
0.100110
0.100110
0.100110
0.100110
0.100110
0.100110
0.100110
0.100110
0.100110
0.100110
0.100110
0.100110
0.100110
0.100110
0.100110
0.100110
0.100110
0.100110
0.100110
0.100110
0.100110
0.100110
0.100110
0.100110
0.100110
0.100110
0.100110
0.100110
0.100110
0.100110
0.100110
0.100110
0.100110
0.100110
0.100110
0.100110
0.100110
0.100111
0.100111
0.100111
0.100111
0.100111
0.100111
0.100111
0.100111
0.100111
0.100111
0.100111
0.100111
0.100111
0.100111
0.100111
0.100111
0.100111
0.100111
0.100111
0.100111
0.100111
0.100111
0.100111
0.100111
0.100111
0.100111
0.100111
0.100111
0.100111
0.100111
0.100111
0.100111
0.100111
0.100111
0.100111
0.100111
0.100111
0.100111
0.100111
0.100111
0.100111
0.100111
0.100111
0.100111
0.100111
0.100111
0.100111
0.100111
0.100111
0.100111
0.100111
0.100111
0.100111
0.100111
0.100111
0.100111
0.100111
0.100111
0.100111
0.100111
0.100111
0.100111
0.100111
0.100111
0.100111
0.100111
0.100111
0.100111
0.100111
0.100111
0.100111
0.100111
0.100111
0.100111
0.100111
0.100111
0.100111
0.100111
0.100111
0.100111
0.100111
0.100111
0.100111
0.100111
0.100111
0.100111
0.100111
0.100111
0.100111
0.100111
0.100111
0.100111
0.100111
0.100111
0.100111
0.100111
0.100111
0.100111
0.100111
0.100111
0.100111
0.100111
0.100111
0.100111
0.100111
0.100111
0.100111
0.100111
0.100111
0.100111
0.100111
0.100111
0.100111
0.100111
0.100111
0.100111
0.100111
0.100111
0.100111
0.100111
0.100111
0.100111
0.100111
0.100111
0.100112
0.100112
0.100112
0.100112
0.100112
0.100112
0.100112
0.100112
0.100112
0.100112
0.100112
0.100112
0.100112
0.100112
0.100112
0.100112
0.100112
0.100112
0.100112
0.100112
0.100112
0.100112
0.100112
0.100112
0.100112
0.100112
0.100112
0.100112
0.100112
0.100112
0.100112
0.100112
0.100112
0.100112
0.100112
0.100112
0.100112
0.100112
0.100112
0.100112
0.100112
0.100112
0.100112
0.100112
0.100112
0.100112
0.100112
0.100112
0.100112
0.100112
0.100112
0.100112
0.100112
0.100112
0.100112
0.100112
0.100112
0.100112
0.100112
0.100112
0.100112
0.100112
0.100112
0.100112
0.100112
0.100112
0.100112
0.100112
0.100112
0.100112
0.100112
0.100112
0.100112
0.100112
0.100112
0.100112
0.100112
0.100112
0.100112
0.100112
0.100112
0.100112
0.100112
0.100112
0.100112
0.100112
0.100112
0.100112
0.100112
0.100112
0.100112
0.100112
0.100112
0.100112
0.100112
0.100112
0.100112
0.100112
0.100112
0.100112
0.100112
0.100112
0.100112
0.100112
0.100112
0.100112
0.100113
0.100113
0.100113
0.100113
0.100113
0.100113
0.100113
0.100113
0.100113
0.100113
0.100113
0.100113
0.100113
0.100113
0.100113
0.100113
0.100113
0.100113
0.100113
0.100113
0.100113
0.100113
0.100113
0.100113
0.100113
0.100113
0.100113
0.100113
0.100113
0.100113
0.100113
0.100113
0.100113
0.100113
0.100113
0.100113
0.100113
0.100113
0.100113
0.100113
0.100113
0.100113
0.100113
0.100113
0.100113
0.100113
0.100113
0.100113
0.100113
0.100113
0.100113
0.100113
0.100113
0.100113
0.100113
0.100113
0.100113
0.100113
0.100113
0.100113
0.100113
0.100113
0.100113
0.100113
0.100113
0.100113
0.100113
0.100113
0.100113
0.100113
0.100113
0.100113
0.100113
0.100113
0.100113
0.100113
0.100113
0.100113
0.100113
0.100113
0.100113
0.100113
0.100113
0.100113
0.100113
0.100113
0.100113
0.100113
0.100113
0.100113
0.100113
0.100113
0.100113
0.100113
0.100113
0.100113
0.100113
0.100113
0.100113
0.100113
0.100113
0.100113
0.100113
0.100113
0.100113
0.100113
0.100113
0.100113
0.100113
0.100113
0.100113
0.100113
0.100113
0.100113
0.100113
0.100113
0.100113
0.100114
0.100114
0.100114
0.100114
0.100114
0.100114
0.100114
0.100114
0.100114
0.100114
0.100114
0.100114
0.100114
0.100114
0.100114
0.100114
0.100114
0.100114
0.100114
0.100114
0.100114
0.100114
0.100114
0.100114
0.100114
0.100114
0.100114
0.100114
0.100114
0.100114
0.100114
0.100114
0.100114
0.100114
0.100114
0.100114
0.100114
0.100114
0.100114
0.100114
0.100114
0.100114
0.100114
0.100114
0.100114
0.100114
0.100114
0.100114
0.100114
0.100114
0.100114
0.100114
0.100114
0.100114
0.100114
0.100114
0.100114
0.100114
0.100114
0.100114
0.100114
0.100114
0.100114
0.100114
0.100114
0.100114
0.100114
0.100114
0.100114
0.100114
0.100114
0.100114
0.100114
0.100114
0.100114
0.100114
0.100114
0.100114
0.100114
0.100114
0.100114
0.100114
0.100114
0.100114
0.100114
0.100114
0.100114
0.100114
0.100114
0.100114
0.100114
0.100114
0.100114
0.100114
0.100114
0.100114
0.100114
0.100114
0.100114
0.100114
0.100114
0.100114
0.100114
0.100114
0.100114
0.100114
0.100114
0.100114
0.100114
0.100114
0.100114
0.100114
0.100114
0.100114
0.100114
0.100114
0.100114
0.100114
0.100114
0.100114
0.100114
0.100114
0.100114
0.100114
0.100114
0.100114
0.100114
0.100114
0.100114
0.100114
0.100114
0.100114
0.100114
0.100114
0.100114
0.100114
0.100114
0.100114
0.100114
0.100114
0.100114
0.100114
0.100114
0.100114
0.100114
0.100114
0.100114
0.100114
0.100114
0.100114
0.100114
0.100114
0.100114
0.100114
0.100114
0.100114
0.100114
0.100115
0.100115
0.100115
0.100115
0.100115
0.100115
0.100115
0.100115
0.100115
0.100115
0.100115
0.100115
0.100115
0.100115
0.100115
0.100115
0.100115
0.100115
0.100115
0.100115
0.100115
0.100115
0.100115
0.100115
0.100115
0.100115
0.100115
0.100115
0.100115
0.100115
0.100115
0.100115
0.100115
0.100115
0.100115
0.100115
0.100115
0.100115
0.100115
0.100115
0.100115
0.100115
0.100115
0.100115
0.100115
0.100115
0.100115
0.100115
0.100115
0.100115
0.100115
0.100115
0.100115
0.100115
0.100115
0.100115
0.100115
0.100115
0.100115
0.100115
0.100115
0.100115
0.100115
0.100115
0.100115
0.100115
0.100115
0.100115
0.100115
0.100115
0.100115
0.100115
0.100115
0.100115
0.100115
0.100115
0.100115
0.100115
0.100115
0.100115
0.100115
0.100115
0.100115
0.100115
0.100115
0.100115
0.100115
0.100115
0.100115
0.100115
0.100115
0.100115
0.100115
0.100115
0.100115
0.100115
0.100115
0.100115
0.100115
0.100115
0.100115
0.100115
0.100115
0.100115
0.100115
0.100115
0.100115
0.100115
0.100115
0.100116
0.100116
0.100116
0.100116
0.100116
0.100116
0.100116
0.100116
0.100116
0.100116
0.100116
0.100116
0.100116
0.100116
0.100116
0.100116
0.100116
0.100116
0.100116
0.100116
0.100116
0.100116
0.100116
0.100116
0.100116
0.100116
0.100116
0.100116
0.100116
0.100116
0.100116
0.100116
0.100116
0.100116
0.100116
0.100116
0.100116
0.100116
0.100116
0.100116
0.100116
0.100116
0.100116
0.100116
0.100116
0.100116
0.100116
0.100116
0.100116
0.100116
0.100116
0.100116
0.100116
0.100116
0.100116
0.100116
0.100116
0.100117
0.100117
0.100117
0.100117
0.100117
0.100117
0.100117
0.100117
0.100117
0.100117
0.100117
0.100117
0.100117
0.100117
0.100117
0.100117
0.100117
0.100117
0.100117
0.100117
0.100117
0.100117
0.100117
0.100117
0.100117
0.100117
0.100117
0.100117
0.100117
0.100117
0.100117
0.100117
0.100117
0.100118
0.100118
0.100118
0.100118
0.100118
0.100118
0.100118
0.100118
0.100118
0.100118
0.100118
0.100118
0.100118
0.100118
0.100118
0.100118
0.100119
0.100119
0.100119
0.100119
0.100119
0.100119
0.100119
0.100119
0.100119
0.100119
0.100119
0.100119
0.100119
0.100119
0.100119
0.100120
0.100120
0.100120
0.100120
0.100120
0.100120
0.100120
0.100120
0.100120
0.100121
0.100121
0.100121
0.100121
0.100121
0.100122
0.100122
0.100122
0.100122
0.100122
0.100122
0.100122
0.100122
0.100123
0.100123
0.100123
0.100123
0.100124
0.100125
0.100125
0.100125
0.100125
0.100126
0.100126
0.100126
0.100127
0.100127
0.100128
0.100128
0.100128
0.100128
0.100128
0.100129
0.100129
0.100129
0.100130
0.100130
0.100130
0.100130
0.100131
0.100131
0.100131
0.100131
0.100131
0.100131
0.100132
0.100132
0.100132
0.100132
0.100132
0.100132
0.100132
0.100132
0.100132
0.100132
0.100132
0.100133
0.100133
0.100133
0.100133
0.100134
0.100134
0.100134
0.100134
0.100134
0.100135
0.100135
0.100136
0.100136
0.100137
0.100137
0.100137
0.100138
0.100139
0.100140
0.100140
0.100140
0.100141
0.100142
0.100142
0.100143
0.100143
0.100143
0.100144
0.100144
0.100145
0.100145
0.100145
0.100146
0.100147
0.100147
0.100149
0.100149
0.100150
0.100150
0.100151
0.100151
0.100151
0.100152
0.100152
0.100153
0.100154
0.100155
0.100155
0.100157
0.100162
0.100162
0.100164
0.100165
0.100166
0.100168
0.100172
0.100174
0.100178
0.100179
0.100183
0.100190
0.100190
0.100190
0.100192
0.100192
0.100193
0.100194
0.100194
0.100196
0.100197
0.100199
0.100201
0.100203
0.100206
0.100207
0.100222
0.100226
0.100227
0.100227
0.100305
0.100310
0.100316
0.100320
0.100320
0.100324
0.100325
0.100326
0.100341
0.100349
0.100379
0.100381
0.100386
0.100423
0.100436
0.100446
0.100497
0.101224
0.101370
0.103417
Minimum: 0.100064
Maximum: 0.103417
Mean: 0.100107
Median: 0.100103
Standard Deviation: 0.000051
