0.100065
0.100067
0.100068
0.100071
0.100071
0.100075
0.100081
0.100083
0.100083
0.100084
0.100084
0.100084
0.100085
0.100085
0.100086
0.100086
0.100087
0.100088
0.100088
0.100088
0.100088
0.100088
0.100088
0.100088
0.100089
0.100089
0.100089
0.100089
0.100089
0.100089
0.100089
0.100089
0.100089
0.100089
0.100089
0.100090
0.100090
0.100090
0.100090
0.100090
0.100091
0.100091
0.100091
0.100091
0.100092
0.100092
0.100092
0.100092
0.100092
0.100092
0.100093
0.100093
0.100093
0.100093
0.100093
0.100093
0.100094
0.100094
0.100094
0.100094
0.100094
0.100094
0.100094
0.100094
0.100094
0.100095
0.100095
0.100095
0.100095
0.100095
0.100095
0.100095
0.100095
0.100096
0.100096
0.100096
0.100096
0.100096
0.100096
0.100096
0.100096
0.100096
0.100096
0.100096
0.100097
0.100097
0.100097
0.100097
0.100097
0.100097
0.100097
0.100097
0.100097
0.100097
0.100098
0.100098
0.100098
0.100098
0.100098
0.100098
0.100098
0.100098
0.100098
0.100098
0.100098
0.100099
0.100099
0.100099
0.100099
0.100099
0.100099
0.100099
0.100099
0.100099
0.100099
0.100099
0.100099
0.100099
0.100099
0.100099
0.100099
0.100099
0.100099
0.100099
0.100099
0.100099
0.100099
0.100099
0.100099
0.100099
0.100099
0.100099
0.100099
0.100099
0.100099
0.100099
0.100099
0.100099
0.100099
0.100099
0.100099
0.100099
0.100099
0.100099
0.100099
0.100099
0.100099
0.100099
0.100099
0.100099
0.100099
0.100099
0.100099
0.100099
0.100099
0.100099
0.100099
0.100099
0.100099
0.100099
0.100099
0.100099
0.100099
0.100099
0.100099
0.100099
0.100099
0.100099
0.100099
0.100099
0.100099
0.100099
0.100099
0.100100
0.100100
0.100100
0.100100
0.100100
0.100100
0.100100
0.100100
0.100100
0.100100
0.100100
0.100100
0.100100
0.100100
0.100100
0.100100
0.100100
0.100100
0.100100
0.100100
0.100100
0.100100
0.100100
0.100100
0.100100
0.100100
0.100100
0.100100
0.100100
0.100100
0.100100
0.100100
0.100100
0.100100
0.100100
0.100100
0.100100
0.100100
0.100100
0.100100
0.100100
0.100100
0.100100
0.100100
0.100100
0.100100
0.100100
0.100100
0.100100
0.100100
0.100100
0.100100
0.100100
0.100100
0.100100
0.100100
0.100100
0.100100
0.100100
0.100100
0.100100
0.100100
0.100100
0.100100
0.100100
0.100100
0.100100
0.100100
0.100100
0.100100
0.100100
0.100100
0.100100
0.100100
0.100100
0.100100
0.100100
0.100100
0.100100
0.100100
0.100100
0.100100
0.100100
0.100100
0.100100
0.100100
0.100100
0.100100
0.100100
0.100100
0.100100
0.100100
0.100100
0.100100
0.100100
0.100100
0.100100
0.100100
0.100100
0.100100
0.100100
0.100100
0.100100
0.100100
0.100100
0.100100
0.100100
0.100100
0.100100
0.100100
0.100100
0.100100
0.100100
0.100100
0.100100
0.100100
0.100100
0.100100
0.100100
0.100100
0.100100
0.100100
0.100100
0.100100
0.100100
0.100100
0.100100
0.100100
0.100100
0.100100
0.100100
0.100100
0.100100
0.100100
0.100100
0.100100
0.100100
0.100100
0.100100
0.100100
0.100100
0.100100
0.100100
0.100100
0.100100
0.100100
0.100100
0.100100
0.100100
0.100100
0.100100
0.100100
0.100100
0.100100
0.100100
0.100100
0.100100
0.100100
0.100100
0.100100
0.100100
0.100100
0.100100
0.100100
0.100100
0.100100
0.100100
0.100100
0.100100
0.100100
0.100100
0.100100
0.100100
0.100100
0.100100
0.100100
0.100100
0.100100
0.100100
0.100100
0.100100
0.100100
0.100100
0.100100
0.100100
0.100100
0.100100
0.100100
0.100100
0.100100
0.100100
0.100100
0.100100
0.100100
0.100100
0.100100
0.100100
0.100100
0.100100
0.100100
0.100100
0.100100
0.100100
0.100100
0.100100
0.100100
0.100100
0.100100
0.100100
0.100100
0.100100
0.100100
0.100100
0.100100
0.100100
0.100100
0.100100
0.100100
0.100100
0.100100
0.100100
0.100100
0.100100
0.100100
0.100100
0.100100
0.100100
0.100100
0.100100
0.100100
0.100100
0.100100
0.100100
0.100100
0.100100
0.100100
0.100100
0.100100
0.100100
0.100100
0.100100
0.100100
0.100100
0.100100
0.100100
0.100100
0.100100
0.100100
0.100100
0.100100
0.100100
0.100100
0.100100
0.100100
0.100100
0.100100
0.100100
0.100100
0.100100
0.100100
0.100100
0.100100
0.100100
0.100100
0.100100
0.100100
0.100100
0.100100
0.100100
0.100100
0.100100
0.100100
0.100100
0.100100
0.100100
0.100100
0.100100
0.100100
0.100100
0.100100
0.100100
0.100100
0.100100
0.100100
0.100100
0.100100
0.100100
0.100100
0.100100
0.100100
0.100100
0.100100
0.100100
0.100100
0.100101
0.100101
0.100101
0.100101
0.100101
0.100101
0.100101
0.100101
0.100101
0.100101
0.100101
0.100101
0.100101
0.100101
0.100101
0.100101
0.100101
0.100101
0.100101
0.100101
0.100101
0.100101
0.100101
0.100101
0.100101
0.100101
0.100101
0.100101
0.100101
0.100101
0.100101
0.100101
0.100101
0.100101
0.100101
0.100101
0.100101
0.100101
0.100101
0.100101
0.100101
0.100101
0.100101
0.100101
0.100101
0.100101
0.100101
0.100101
0.100101
0.100101
0.100101
0.100101
0.100101
0.100101
0.100101
0.100101
0.100101
0.100101
0.100101
0.100101
0.100101
0.100101
0.100101
0.100101
0.100101
0.100101
0.100101
0.100101
0.100101
0.100101
0.100101
0.100101
0.100101
0.100101
0.100101
0.100101
0.100101
0.100101
0.100101
0.100101
0.100101
0.100101
0.100101
0.100101
0.100101
0.100101
0.100101
0.100101
0.100101
0.100101
0.100101
0.100101
0.100101
0.100101
0.100101
0.100101
0.100101
0.100101
0.100101
0.100101
0.100101
0.100101
0.100101
0.100101
0.100101
0.100101
0.100101
0.100101
0.100101
0.100101
0.100101
0.100101
0.100101
0.100101
0.100101
0.100101
0.100101
0.100101
0.100101
0.100101
0.100101
0.100101
0.100101
0.100101
0.100101
0.100101
0.100101
0.100101
0.100101
0.100101
0.100101
0.100101
0.100101
0.100101
0.100101
0.100101
0.100101
0.100101
0.100101
0.100101
0.100101
0.100101
0.100101
0.100101
0.100101
0.100101
0.100101
0.100101
0.100101
0.100101
0.100101
0.100101
0.100101
0.100101
0.100101
0.100101
0.100101
0.100101
0.100101
0.100101
0.100101
0.100101
0.100101
0.100101
0.100101
0.100101
0.100101
0.100101
0.100101
0.100101
0.100101
0.100101
0.100101
0.100101
0.100101
0.100101
0.100101
0.100101
0.100101
0.100101
0.100101
0.100101
0.100101
0.100101
0.100101
0.100101
0.100101
0.100101
0.100101
0.100101
0.100101
0.100101
0.100101
0.100101
0.100101
0.100101
0.100101
0.100101
0.100101
0.100101
0.100101
0.100101
0.100101
0.100101
0.100101
0.100101
0.100101
0.100101
0.100101
0.100101
0.100101
0.100101
0.100101
0.100101
0.100101
0.100101
0.100101
0.100101
0.100101
0.100101
0.100101
0.100101
0.100101
0.100101
0.100101
0.100101
0.100101
0.100101
0.100101
0.100101
0.100101
0.100101
0.100101
0.100101
0.100101
0.100101
0.100101
0.100101
0.100101
0.100101
0.100101
0.100101
0.100101
0.100101
0.100101
0.100101
0.100101
0.100101
0.100101
0.100101
0.100101
0.100101
0.100101
0.100101
0.100101
0.100101
0.100101
0.100101
0.100101
0.100101
0.100101
0.100101
0.100101
0.100101
0.100101
0.100101
0.100101
0.100101
0.100101
0.100101
0.100101
0.100101
0.100101
0.100101
0.100101
0.100101
0.100101
0.100101
0.100101
0.100101
0.100101
0.100101
0.100101
0.100101
0.100101
0.100101
0.100101
0.100101
0.100101
0.100101
0.100101
0.100101
0.100101
0.100101
0.100101
0.100101
0.100101
0.100101
0.100101
0.100101
0.100101
0.100101
0.100101
0.100101
0.100101
0.100101
0.100101
0.100101
0.100101
0.100101
0.100101
0.100101
0.100101
0.100101
0.100101
0.100101
0.100101
0.100101
0.100101
0.100101
0.100101
0.100101
0.100101
0.100101
0.100101
0.100101
0.100101
0.100101
0.100101
0.100101
0.100101
0.100101
0.100101
0.100101
0.100101
0.100101
0.100101
0.100101
0.100101
0.100101
0.100101
0.100101
0.100101
0.100101
0.100101
0.100101
0.100101
0.100101
0.100101
0.100101
0.100101
0.100101
0.100101
0.100101
0.100101
0.100101
0.100101
0.100101
0.100101
0.100101
0.100101
0.100101
0.100101
0.100101
0.100101
0.100101
0.100101
0.100101
0.100101
0.100101
0.100101
0.100101
0.100101
0.100101
0.100101
0.100101
0.100101
0.100101
0.100101
0.100101
0.100101
0.100101
0.100101
0.100101
0.100101
0.100101
0.100101
0.100101
0.100101
0.100101
0.100101
0.100101
0.100101
0.100101
0.100101
0.100101
0.100101
0.100101
0.100101
0.100101
0.100101
0.100101
0.100101
0.100101
0.100101
0.100101
0.100101
0.100101
0.100101
0.100101
0.100101
0.100101
0.100101
0.100101
0.100101
0.100101
0.100101
0.100101
0.100101
0.100101
0.100101
0.100101
0.100101
0.100101
0.100101
0.100101
0.100101
0.100101
0.100101
0.100101
0.100101
0.100101
0.100101
0.100101
0.100101
0.100101
0.100101
0.100101
0.100101
0.100101
0.100101
0.100101
0.100101
0.100101
0.100101
0.100101
0.100101
0.100101
0.100101
0.100101
0.100101
0.100101
0.100101
0.100101
0.100101
0.100101
0.100101
0.100101
0.100101
0.100101
0.100101
0.100101
0.100101
0.100101
0.100101
0.100101
0.100101
0.100101
0.100101
0.100101
0.100101
0.100101
0.100101
0.100101
0.100101
0.100101
0.100101
0.100101
0.100101
0.100101
0.100101
0.100101
0.100101
0.100101
0.100101
0.100101
0.100101
0.100101
0.100101
0.100101
0.100101
0.100101
0.100101
0.100101
0.100101
0.100101
0.100101
0.100101
0.100101
0.100101
0.100101
0.100101
0.100101
0.100101
0.100101
0.100101
0.100101
0.100101
0.100101
0.100101
0.100101
0.100101
0.100101
0.100101
0.100101
0.100101
0.100101
0.100101
0.100101
0.100101
0.100101
0.100101
0.100101
0.100101
0.100101
0.100101
0.100101
0.100101
0.100101
0.100101
0.100101
0.100101
0.100101
0.100101
0.100101
0.100101
0.100101
0.100101
0.100101
0.100101
0.100101
0.100101
0.100101
0.100101
0.100101
0.100101
0.100101
0.100101
0.100101
0.100101
0.100101
0.100101
0.100101
0.100101
0.100101
0.100101
0.100101
0.100101
0.100101
0.100101
0.100101
0.100101
0.100101
0.100101
0.100101
0.100101
0.100101
0.100101
0.100101
0.100101
0.100101
0.100101
0.100101
0.100101
0.100101
0.100101
0.100101
0.100101
0.100101
0.100101
0.100101
0.100101
0.100101
0.100101
0.100101
0.100101
0.100101
0.100101
0.100101
0.100101
0.100101
0.100101
0.100101
0.100101
0.100101
0.100101
0.100101
0.100101
0.100101
0.100101
0.100101
0.100101
0.100101
0.100101
0.100102
0.100102
0.100102
0.100102
0.100102
0.100102
0.100102
0.100102
0.100102
0.100102
0.100102
0.100102
0.100102
0.100102
0.100102
0.100102
0.100102
0.100102
0.100102
0.100102
0.100102
0.100102
0.100102
0.100102
0.100102
0.100102
0.100102
0.100102
0.100102
0.100102
0.100102
0.100102
0.100102
0.100102
0.100102
0.100102
0.100102
0.100102
0.100102
0.100102
0.100102
0.100102
0.100102
0.100102
0.100102
0.100102
0.100102
0.100102
0.100102
0.100102
0.100102
0.100102
0.100102
0.100102
0.100102
0.100102
0.100102
0.100102
0.100102
0.100102
0.100102
0.100102
0.100102
0.100102
0.100102
0.100102
0.100102
0.100102
0.100102
0.100102
0.100102
0.100102
0.100102
0.100102
0.100102
0.100102
0.100102
0.100102
0.100102
0.100102
0.100102
0.100102
0.100102
0.100102
0.100102
0.100102
0.100102
0.100102
0.100102
0.100102
0.100102
0.100102
0.100102
0.100102
0.100102
0.100102
0.100102
0.100102
0.100102
0.100102
0.100102
0.100102
0.100102
0.100102
0.100102
0.100102
0.100102
0.100102
0.100102
0.100102
0.100102
0.100102
0.100102
0.100102
0.100102
0.100102
0.100102
0.100102
0.100102
0.100102
0.100102
0.100102
0.100102
0.100102
0.100102
0.100102
0.100102
0.100102
0.100102
0.100102
0.100102
0.100102
0.100102
0.100102
0.100102
0.100102
0.100102
0.100102
0.100102
0.100102
0.100102
0.100102
0.100102
0.100102
0.100102
0.100102
0.100102
0.100102
0.100102
0.100102
0.100102
0.100102
0.100102
0.100102
0.100102
0.100102
0.100102
0.100102
0.100102
0.100102
0.100102
0.100102
0.100102
0.100102
0.100102
0.100102
0.100102
0.100102
0.100102
0.100102
0.100102
0.100102
0.100102
0.100102
0.100102
0.100102
0.100102
0.100102
0.100102
0.100102
0.100102
0.100102
0.100102
0.100102
0.100102
0.100102
0.100102
0.100102
0.100102
0.100102
0.100102
0.100102
0.100102
0.100102
0.100102
0.100102
0.100102
0.100102
0.100102
0.100102
0.100102
0.100102
0.100102
0.100102
0.100102
0.100102
0.100102
0.100102
0.100102
0.100102
0.100102
0.100102
0.100102
0.100102
0.100102
0.100102
0.100102
0.100102
0.100102
0.100102
0.100102
0.100102
0.100102
0.100102
0.100102
0.100102
0.100102
0.100102
0.100102
0.100102
0.100102
0.100102
0.100102
0.100102
0.100102
0.100102
0.100102
0.100102
0.100102
0.100102
0.100102
0.100102
0.100102
0.100102
0.100102
0.100102
0.100102
0.100102
0.100102
0.100102
0.100102
0.100102
0.100102
0.100102
0.100102
0.100102
0.100102
0.100102
0.100102
0.100102
0.100102
0.100102
0.100102
0.100102
0.100102
0.100102
0.100102
0.100102
0.100102
0.100102
0.100102
0.100102
0.100102
0.100102
0.100102
0.100102
0.100102
0.100102
0.100102
0.100102
0.100102
0.100102
0.100102
0.100102
0.100102
0.100102
0.100102
0.100102
0.100102
0.100102
0.100102
0.100102
0.100102
0.100102
0.100102
0.100102
0.100102
0.100102
0.100102
0.100102
0.100102
0.100102
0.100102
0.100102
0.100102
0.100102
0.100102
0.100102
0.100102
0.100102
0.100102
0.100102
0.100102
0.100102
0.100102
0.100102
0.100102
0.100102
0.100102
0.100102
0.100102
0.100102
0.100102
0.100102
0.100102
0.100102
0.100102
0.100102
0.100102
0.100102
0.100102
0.100102
0.100102
0.100102
0.100102
0.100102
0.100102
0.100102
0.100102
0.100102
0.100102
0.100102
0.100102
0.100102
0.100102
0.100102
0.100102
0.100102
0.100102
0.100102
0.100102
0.100102
0.100102
0.100102
0.100102
0.100102
0.100102
0.100102
0.100102
0.100102
0.100102
0.100102
0.100102
0.100102
0.100102
0.100102
0.100102
0.100102
0.100102
0.100102
0.100102
0.100102
0.100102
0.100102
0.100102
0.100102
0.100102
0.100102
0.100102
0.100102
0.100102
0.100102
0.100102
0.100102
0.100102
0.100102
0.100102
0.100102
0.100102
0.100102
0.100102
0.100102
0.100102
0.100102
0.100102
0.100102
0.100102
0.100102
0.100102
0.100102
0.100102
0.100102
0.100102
0.100102
0.100102
0.100102
0.100102
0.100102
0.100102
0.100102
0.100102
0.100102
0.100102
0.100102
0.100102
0.100102
0.100102
0.100102
0.100102
0.100102
0.100102
0.100102
0.100102
0.100102
0.100102
0.100102
0.100102
0.100102
0.100102
0.100102
0.100102
0.100102
0.100102
0.100102
0.100102
0.100102
0.100102
0.100102
0.100102
0.100102
0.100102
0.100102
0.100102
0.100102
0.100102
0.100102
0.100102
0.100102
0.100102
0.100102
0.100102
0.100102
0.100102
0.100102
0.100102
0.100102
0.100102
0.100102
0.100102
0.100102
0.100102
0.100102
0.100102
0.100102
0.100102
0.100102
0.100102
0.100102
0.100102
0.100102
0.100102
0.100102
0.100102
0.100102
0.100102
0.100102
0.100102
0.100102
0.100102
0.100102
0.100102
0.100102
0.100102
0.100102
0.100102
0.100102
0.100102
0.100102
0.100102
0.100102
0.100102
0.100102
0.100102
0.100102
0.100102
0.100102
0.100102
0.100102
0.100102
0.100102
0.100102
0.100102
0.100102
0.100102
0.100102
0.100102
0.100102
0.100102
0.100102
0.100102
0.100102
0.100102
0.100102
0.100102
0.100102
0.100102
0.100102
0.100102
0.100102
0.100102
0.100102
0.100102
0.100102
0.100102
0.100102
0.100102
0.100102
0.100102
0.100102
0.100102
0.100102
0.100102
0.100102
0.100102
0.100102
0.100102
0.100102
0.100102
0.100102
0.100102
0.100102
0.100102
0.100102
0.100102
0.100102
0.100102
0.100102
0.100102
0.100102
0.100102
0.100102
0.100102
0.100102
0.100102
0.100102
0.100102
0.100102
0.100102
0.100102
0.100102
0.100102
0.100102
0.100102
0.100102
0.100102
0.100102
0.100102
0.100102
0.100102
0.100102
0.100102
0.100102
0.100102
0.100102
0.100102
0.100102
0.100102
0.100102
0.100102
0.100102
0.100102
0.100102
0.100102
0.100102
0.100102
0.100102
0.100102
0.100102
0.100102
0.100102
0.100102
0.100102
0.100102
0.100102
0.100102
0.100102
0.100102
0.100102
0.100102
0.100102
0.100102
0.100102
0.100102
0.100102
0.100102
0.100102
0.100102
0.100102
0.100102
0.100102
0.100102
0.100102
0.100102
0.100102
0.100102
0.100102
0.100102
0.100102
0.100102
0.100102
0.100102
0.100102
0.100102
0.100102
0.100102
0.100102
0.100102
0.100102
0.100102
0.100102
0.100102
0.100102
0.100102
0.100102
0.100102
0.100102
0.100102
0.100102
0.100102
0.100102
0.100102
0.100102
0.100102
0.100102
0.100102
0.100102
0.100102
0.100102
0.100102
0.100102
0.100102
0.100102
0.100102
0.100102
0.100102
0.100102
0.100102
0.100102
0.100102
0.100102
0.100102
0.100102
0.100102
0.100102
0.100102
0.100102
0.100102
0.100102
0.100102
0.100102
0.100102
0.100102
0.100102
0.100102
0.100102
0.100102
0.100102
0.100102
0.100102
0.100102
0.100102
0.100102
0.100102
0.100102
0.100102
0.100102
0.100102
0.100102
0.100102
0.100102
0.100102
0.100102
0.100102
0.100102
0.100102
0.100102
0.100102
0.100102
0.100102
0.100102
0.100102
0.100102
0.100102
0.100102
0.100102
0.100102
0.100102
0.100102
0.100102
0.100102
0.100102
0.100102
0.100102
0.100102
0.100102
0.100102
0.100102
0.100102
0.100102
0.100102
0.100102
0.100102
0.100102
0.100102
0.100102
0.100102
0.100102
0.100102
0.100102
0.100102
0.100102
0.100102
0.100102
0.100102
0.100102
0.100102
0.100102
0.100102
0.100102
0.100102
0.100102
0.100102
0.100102
0.100102
0.100102
0.100103
0.100103
0.100103
0.100103
0.100103
0.100103
0.100103
0.100103
0.100103
0.100103
0.100103
0.100103
0.100103
0.100103
0.100103
0.100103
0.100103
0.100103
0.100103
0.100103
0.100103
0.100103
0.100103
0.100103
0.100103
0.100103
0.100103
0.100103
0.100103
0.100103
0.100103
0.100103
0.100103
0.100103
0.100103
0.100103
0.100103
0.100103
0.100103
0.100103
0.100103
0.100103
0.100103
0.100103
0.100103
0.100103
0.100103
0.100103
0.100103
0.100103
0.100103
0.100103
0.100103
0.100103
0.100103
0.100103
0.100103
0.100103
0.100103
0.100103
0.100103
0.100103
0.100103
0.100103
0.100103
0.100103
0.100103
0.100103
0.100103
0.100103
0.100103
0.100103
0.100103
0.100103
0.100103
0.100103
0.100103
0.100103
0.100103
0.100103
0.100103
0.100103
0.100103
0.100103
0.100103
0.100103
0.100103
0.100103
0.100103
0.100103
0.100103
0.100103
0.100103
0.100103
0.100103
0.100103
0.100103
0.100103
0.100103
0.100103
0.100103
0.100103
0.100103
0.100103
0.100103
0.100103
0.100103
0.100103
0.100103
0.100103
0.100103
0.100103
0.100103
0.100103
0.100103
0.100103
0.100103
0.100103
0.100103
0.100103
0.100103
0.100103
0.100103
0.100103
0.100103
0.100103
0.100103
0.100103
0.100103
0.100103
0.100103
0.100103
0.100103
0.100103
0.100103
0.100103
0.100103
0.100103
0.100103
0.100103
0.100103
0.100103
0.100103
0.100103
0.100103
0.100103
0.100103
0.100103
0.100103
0.100103
0.100103
0.100103
0.100103
0.100103
0.100103
0.100103
0.100103
0.100103
0.100103
0.100103
0.100103
0.100103
0.100103
0.100103
0.100103
0.100103
0.100103
0.100103
0.100103
0.100103
0.100103
0.100103
0.100103
0.100103
0.100103
0.100103
0.100103
0.100103
0.100103
0.100103
0.100103
0.100103
0.100103
0.100103
0.100103
0.100103
0.100103
0.100103
0.100103
0.100103
0.100103
0.100103
0.100103
0.100103
0.100103
0.100103
0.100103
0.100103
0.100103
0.100103
0.100103
0.100103
0.100103
0.100103
0.100103
0.100103
0.100103
0.100103
0.100103
0.100103
0.100103
0.100103
0.100103
0.100103
0.100103
0.100103
0.100103
0.100103
0.100103
0.100103
0.100103
0.100103
0.100103
0.100103
0.100103
0.100103
0.100103
0.100103
0.100103
0.100103
0.100103
0.100103
0.100103
0.100103
0.100103
0.100103
0.100103
0.100103
0.100103
0.100103
0.100103
0.100103
0.100103
0.100103
0.100103
0.100103
0.100103
0.100103
0.100103
0.100103
0.100103
0.100103
0.100103
0.100103
0.100103
0.100103
0.100103
0.100103
0.100103
0.100103
0.100103
0.100103
0.100103
0.100103
0.100103
0.100103
0.100103
0.100103
0.100103
0.100103
0.100103
0.100103
0.100103
0.100103
0.100103
0.100103
0.100103
0.100103
0.100103
0.100103
0.100103
0.100103
0.100103
0.100103
0.100103
0.100103
0.100103
0.100103
0.100103
0.100103
0.100103
0.100103
0.100103
0.100103
0.100103
0.100103
0.100103
0.100103
0.100103
0.100103
0.100103
0.100103
0.100103
0.100103
0.100103
0.100103
0.100103
0.100103
0.100103
0.100103
0.100103
0.100103
0.100103
0.100103
0.100103
0.100103
0.100103
0.100103
0.100103
0.100103
0.100103
0.100103
0.100103
0.100103
0.100103
0.100103
0.100103
0.100103
0.100103
0.100103
0.100103
0.100103
0.100103
0.100103
0.100103
0.100103
0.100103
0.100103
0.100103
0.100103
0.100103
0.100103
0.100103
0.100103
0.100103
0.100103
0.100103
0.100103
0.100103
0.100103
0.100103
0.100103
0.100103
0.100103
0.100103
0.100103
0.100103
0.100103
0.100103
0.100103
0.100103
0.100103
0.100103
0.100103
0.100103
0.100103
0.100103
0.100103
0.100103
0.100103
0.100103
0.100103
0.100103
0.100103
0.100103
0.100103
0.100103
0.100103
0.100103
0.100103
0.100103
0.100103
0.100103
0.100103
0.100103
0.100103
0.100103
0.100103
0.100103
0.100103
0.100103
0.100103
0.100103
0.100103
0.100103
0.100103
0.100103
0.100103
0.100103
0.100103
0.100103
0.100103
0.100103
0.100103
0.100103
0.100103
0.100103
0.100103
0.100103
0.100103
0.100103
0.100103
0.100103
0.100103
0.100103
0.100103
0.100103
0.100103
0.100103
0.100103
0.100103
0.100103
0.100103
0.100103
0.100103
0.100103
0.100103
0.100103
0.100103
0.100103
0.100103
0.100103
0.100103
0.100103
0.100103
0.100103
0.100103
0.100103
0.100103
0.100103
0.100103
0.100103
0.100103
0.100103
0.100103
0.100103
0.100103
0.100103
0.100103
0.100103
0.100103
0.100103
0.100103
0.100103
0.100103
0.100103
0.100103
0.100103
0.100103
0.100103
0.100103
0.100103
0.100103
0.100103
0.100103
0.100103
0.100103
0.100103
0.100103
0.100103
0.100103
0.100103
0.100103
0.100103
0.100103
0.100103
0.100103
0.100103
0.100103
0.100103
0.100103
0.100103
0.100103
0.100103
0.100103
0.100103
0.100103
0.100103
0.100103
0.100103
0.100103
0.100103
0.100103
0.100103
0.100103
0.100103
0.100103
0.100103
0.100103
0.100103
0.100103
0.100103
0.100103
0.100103
0.100103
0.100103
0.100103
0.100103
0.100103
0.100103
0.100103
0.100103
0.100103
0.100103
0.100103
0.100103
0.100103
0.100103
0.100103
0.100103
0.100103
0.100103
0.100103
0.100103
0.100103
0.100103
0.100103
0.100103
0.100103
0.100103
0.100103
0.100103
0.100103
0.100103
0.100103
0.100103
0.100103
0.100103
0.100103
0.100103
0.100103
0.100103
0.100103
0.100103
0.100103
0.100103
0.100103
0.100103
0.100103
0.100103
0.100103
0.100103
0.100103
0.100103
0.100103
0.100103
0.100103
0.100103
0.100103
0.100103
0.100103
0.100103
0.100103
0.100103
0.100103
0.100103
0.100103
0.100103
0.100103
0.100103
0.100103
0.100103
0.100103
0.100103
0.100103
0.100103
0.100103
0.100103
0.100103
0.100103
0.100103
0.100103
0.100103
0.100103
0.100103
0.100103
0.100103
0.100103
0.100103
0.100103
0.100103
0.100103
0.100103
0.100103
0.100103
0.100103
0.100103
0.100103
0.100103
0.100103
0.100103
0.100103
0.100103
0.100103
0.100103
0.100103
0.100103
0.100103
0.100103
0.100103
0.100103
0.100103
0.100103
0.100103
0.100103
0.100103
0.100103
0.100103
0.100103
0.100103
0.100103
0.100103
0.100103
0.100103
0.100103
0.100103
0.100103
0.100103
0.100103
0.100103
0.100103
0.100103
0.100103
0.100103
0.100103
0.100103
0.100103
0.100103
0.100103
0.100103
0.100103
0.100103
0.100103
0.100103
0.100103
0.100103
0.100103
0.100103
0.100103
0.100103
0.100103
0.100103
0.100103
0.100103
0.100103
0.100103
0.100103
0.100103
0.100103
0.100103
0.100103
0.100103
0.100103
0.100103
0.100103
0.100103
0.100103
0.100103
0.100103
0.100103
0.100103
0.100103
0.100103
0.100103
0.100103
0.100103
0.100103
0.100103
0.100103
0.100103
0.100103
0.100103
0.100103
0.100103
0.100103
0.100103
0.100103
0.100103
0.100103
0.100103
0.100103
0.100103
0.100103
0.100103
0.100103
0.100103
0.100103
0.100103
0.100103
0.100103
0.100103
0.100103
0.100103
0.100103
0.100103
0.100103
0.100103
0.100103
0.100103
0.100103
0.100103
0.100103
0.100103
0.100103
0.100103
0.100103
0.100103
0.100103
0.100103
0.100103
0.100103
0.100103
0.100103
0.100103
0.100103
0.100103
0.100103
0.100103
0.100103
0.100103
0.100103
0.100103
0.100103
0.100103
0.100103
0.100103
0.100103
0.100103
0.100103
0.100103
0.100103
0.100103
0.100103
0.100103
0.100103
0.100103
0.100103
0.100103
0.100103
0.100103
0.100103
0.100103
0.100103
0.100103
0.100103
0.100103
0.100103
0.100103
0.100103
0.100103
0.100103
0.100103
0.100103
0.100103
0.100103
0.100103
0.100103
0.100103
0.100103
0.100103
0.100104
0.100104
0.100104
0.100104
0.100104
0.100104
0.100104
0.100104
0.100104
0.100104
0.100104
0.100104
0.100104
0.100104
0.100104
0.100104
0.100104
0.100104
0.100104
0.100104
0.100104
0.100104
0.100104
0.100104
0.100104
0.100104
0.100104
0.100104
0.100104
0.100104
0.100104
0.100104
0.100104
0.100104
0.100104
0.100104
0.100104
0.100104
0.100104
0.100104
0.100104
0.100104
0.100104
0.100104
0.100104
0.100104
0.100104
0.100104
0.100104
0.100104
0.100104
0.100104
0.100104
0.100104
0.100104
0.100104
0.100104
0.100104
0.100104
0.100104
0.100104
0.100104
0.100104
0.100104
0.100104
0.100104
0.100104
0.100104
0.100104
0.100104
0.100104
0.100104
0.100104
0.100104
0.100104
0.100104
0.100104
0.100104
0.100104
0.100104
0.100104
0.100104
0.100104
0.100104
0.100104
0.100104
0.100104
0.100104
0.100104
0.100104
0.100104
0.100104
0.100104
0.100104
0.100104
0.100104
0.100104
0.100104
0.100104
0.100104
0.100104
0.100104
0.100104
0.100104
0.100104
0.100104
0.100104
0.100104
0.100104
0.100104
0.100104
0.100104
0.100104
0.100104
0.100104
0.100104
0.100104
0.100104
0.100104
0.100104
0.100104
0.100104
0.100104
0.100104
0.100104
0.100104
0.100104
0.100104
0.100104
0.100104
0.100104
0.100104
0.100104
0.100104
0.100104
0.100104
0.100104
0.100104
0.100104
0.100104
0.100104
0.100104
0.100104
0.100104
0.100104
0.100104
0.100104
0.100104
0.100104
0.100104
0.100104
0.100104
0.100104
0.100104
0.100104
0.100104
0.100104
0.100104
0.100104
0.100104
0.100104
0.100104
0.100104
0.100104
0.100104
0.100104
0.100104
0.100104
0.100104
0.100104
0.100104
0.100104
0.100104
0.100104
0.100104
0.100104
0.100104
0.100104
0.100104
0.100104
0.100104
0.100104
0.100104
0.100104
0.100104
0.100104
0.100104
0.100104
0.100104
0.100104
0.100104
0.100104
0.100104
0.100104
0.100104
0.100104
0.100104
0.100104
0.100104
0.100104
0.100104
0.100104
0.100104
0.100104
0.100104
0.100104
0.100104
0.100104
0.100104
0.100104
0.100104
0.100104
0.100104
0.100104
0.100104
0.100104
0.100104
0.100104
0.100104
0.100104
0.100104
0.100104
0.100104
0.100104
0.100104
0.100104
0.100104
0.100104
0.100104
0.100104
0.100104
0.100104
0.100104
0.100104
0.100104
0.100104
0.100104
0.100104
0.100104
0.100104
0.100104
0.100104
0.100104
0.100104
0.100104
0.100104
0.100104
0.100104
0.100104
0.100104
0.100104
0.100104
0.100104
0.100104
0.100104
0.100104
0.100104
0.100104
0.100104
0.100104
0.100104
0.100104
0.100104
0.100104
0.100104
0.100104
0.100104
0.100104
0.100104
0.100104
0.100104
0.100104
0.100104
0.100104
0.100104
0.100104
0.100104
0.100104
0.100104
0.100104
0.100104
0.100104
0.100104
0.100104
0.100104
0.100104
0.100104
0.100104
0.100104
0.100104
0.100104
0.100104
0.100104
0.100104
0.100104
0.100104
0.100104
0.100104
0.100104
0.100104
0.100104
0.100104
0.100104
0.100104
0.100104
0.100104
0.100104
0.100104
0.100104
0.100104
0.100104
0.100104
0.100104
0.100104
0.100104
0.100104
0.100104
0.100104
0.100104
0.100104
0.100104
0.100104
0.100104
0.100104
0.100104
0.100104
0.100104
0.100104
0.100104
0.100104
0.100104
0.100104
0.100104
0.100104
0.100104
0.100104
0.100104
0.100104
0.100104
0.100104
0.100104
0.100104
0.100104
0.100104
0.100104
0.100104
0.100104
0.100104
0.100104
0.100104
0.100104
0.100104
0.100104
0.100104
0.100104
0.100104
0.100104
0.100104
0.100104
0.100104
0.100104
0.100104
0.100104
0.100104
0.100104
0.100104
0.100104
0.100104
0.100104
0.100104
0.100104
0.100104
0.100104
0.100104
0.100104
0.100104
0.100104
0.100104
0.100104
0.100104
0.100104
0.100104
0.100104
0.100104
0.100104
0.100104
0.100104
0.100104
0.100104
0.100104
0.100104
0.100104
0.100104
0.100104
0.100104
0.100104
0.100104
0.100104
0.100104
0.100104
0.100104
0.100104
0.100104
0.100104
0.100104
0.100104
0.100104
0.100104
0.100104
0.100104
0.100104
0.100104
0.100104
0.100104
0.100104
0.100104
0.100104
0.100104
0.100104
0.100104
0.100104
0.100104
0.100104
0.100104
0.100104
0.100104
0.100104
0.100104
0.100104
0.100104
0.100104
0.100104
0.100104
0.100104
0.100104
0.100104
0.100104
0.100104
0.100104
0.100104
0.100104
0.100104
0.100104
0.100104
0.100104
0.100104
0.100104
0.100104
0.100104
0.100104
0.100104
0.100104
0.100104
0.100104
0.100104
0.100104
0.100104
0.100104
0.100104
0.100104
0.100104
0.100104
0.100104
0.100104
0.100104
0.100104
0.100104
0.100104
0.100104
0.100104
0.100104
0.100104
0.100104
0.100104
0.100104
0.100104
0.100104
0.100104
0.100104
0.100104
0.100104
0.100104
0.100104
0.100104
0.100104
0.100104
0.100104
0.100104
0.100104
0.100104
0.100104
0.100104
0.100104
0.100104
0.100104
0.100104
0.100104
0.100104
0.100104
0.100104
0.100104
0.100104
0.100104
0.100104
0.100104
0.100104
0.100104
0.100104
0.100104
0.100104
0.100104
0.100104
0.100104
0.100104
0.100104
0.100104
0.100104
0.100104
0.100104
0.100104
0.100104
0.100104
0.100104
0.100104
0.100104
0.100104
0.100104
0.100104
0.100104
0.100104
0.100104
0.100104
0.100104
0.100104
0.100104
0.100104
0.100104
0.100104
0.100104
0.100104
0.100104
0.100104
0.100104
0.100104
0.100104
0.100104
0.100104
0.100104
0.100104
0.100104
0.100104
0.100104
0.100104
0.100104
0.100104
0.100104
0.100104
0.100104
0.100104
0.100104
0.100104
0.100104
0.100104
0.100104
0.100104
0.100104
0.100104
0.100104
0.100104
0.100104
0.100104
0.100104
0.100104
0.100104
0.100104
0.100104
0.100104
0.100104
0.100104
0.100104
0.100104
0.100104
0.100104
0.100104
0.100104
0.100104
0.100104
0.100104
0.100104
0.100104
0.100104
0.100104
0.100104
0.100104
0.100104
0.100104
0.100104
0.100104
0.100104
0.100104
0.100104
0.100104
0.100104
0.100104
0.100104
0.100104
0.100104
0.100104
0.100104
0.100104
0.100104
0.100104
0.100104
0.100104
0.100104
0.100104
0.100104
0.100104
0.100104
0.100104
0.100104
0.100104
0.100104
0.100104
0.100104
0.100104
0.100104
0.100104
0.100104
0.100104
0.100104
0.100104
0.100104
0.100104
0.100104
0.100104
0.100104
0.100104
0.100104
0.100104
0.100104
0.100104
0.100104
0.100104
0.100104
0.100104
0.100104
0.100104
0.100104
0.100104
0.100104
0.100104
0.100104
0.100104
0.100104
0.100104
0.100104
0.100104
0.100104
0.100104
0.100104
0.100104
0.100104
0.100104
0.100104
0.100104
0.100104
0.100104
0.100104
0.100104
0.100104
0.100104
0.100104
0.100104
0.100104
0.100104
0.100104
0.100104
0.100104
0.100104
0.100104
0.100104
0.100104
0.100105
0.100105
0.100105
0.100105
0.100105
0.100105
0.100105
0.100105
0.100105
0.100105
0.100105
0.100105
0.100105
0.100105
0.100105
0.100105
0.100105
0.100105
0.100105
0.100105
0.100105
0.100105
0.100105
0.100105
0.100105
0.100105
0.100105
0.100105
0.100105
0.100105
0.100105
0.100105
0.100105
0.100105
0.100105
0.100105
0.100105
0.100105
0.100105
0.100105
0.100105
0.100105
0.100105
0.100105
0.100105
0.100105
0.100105
0.100105
0.100105
0.100105
0.100105
0.100105
0.100105
0.100105
0.100105
0.100105
0.100105
0.100105
0.100105
0.100105
0.100105
0.100105
0.100105
0.100105
0.100105
0.100105
0.100105
0.100105
0.100105
0.100105
0.100105
0.100105
0.100105
0.100105
0.100105
0.100105
0.100105
0.100105
0.100105
0.100105
0.100105
0.100105
0.100105
0.100105
0.100105
0.100105
0.100105
0.100105
0.100105
0.100105
0.100105
0.100105
0.100105
0.100105
0.100105
0.100105
0.100105
0.100105
0.100105
0.100105
0.100105
0.100105
0.100105
0.100105
0.100105
0.100105
0.100105
0.100105
0.100105
0.100105
0.100105
0.100105
0.100105
0.100105
0.100105
0.100105
0.100105
0.100105
0.100105
0.100105
0.100105
0.100105
0.100105
0.100105
0.100105
0.100105
0.100105
0.100105
0.100105
0.100105
0.100105
0.100105
0.100105
0.100105
0.100105
0.100105
0.100105
0.100105
0.100105
0.100105
0.100105
0.100105
0.100105
0.100105
0.100105
0.100105
0.100105
0.100105
0.100105
0.100105
0.100105
0.100105
0.100105
0.100105
0.100105
0.100105
0.100105
0.100105
0.100105
0.100105
0.100105
0.100105
0.100105
0.100105
0.100105
0.100105
0.100105
0.100105
0.100105
0.100105
0.100105
0.100105
0.100105
0.100105
0.100105
0.100105
0.100105
0.100105
0.100105
0.100105
0.100105
0.100105
0.100105
0.100105
0.100105
0.100105
0.100105
0.100105
0.100105
0.100105
0.100105
0.100105
0.100105
0.100105
0.100105
0.100105
0.100105
0.100105
0.100105
0.100105
0.100105
0.100105
0.100105
0.100105
0.100105
0.100105
0.100105
0.100105
0.100105
0.100105
0.100105
0.100105
0.100105
0.100105
0.100105
0.100105
0.100105
0.100105
0.100105
0.100105
0.100105
0.100105
0.100105
0.100105
0.100105
0.100105
0.100105
0.100105
0.100105
0.100105
0.100105
0.100105
0.100105
0.100105
0.100105
0.100105
0.100105
0.100105
0.100105
0.100105
0.100105
0.100105
0.100105
0.100105
0.100105
0.100105
0.100105
0.100105
0.100105
0.100105
0.100105
0.100105
0.100105
0.100105
0.100105
0.100105
0.100105
0.100105
0.100105
0.100105
0.100105
0.100105
0.100105
0.100105
0.100105
0.100105
0.100105
0.100105
0.100105
0.100105
0.100105
0.100105
0.100105
0.100105
0.100105
0.100105
0.100105
0.100105
0.100105
0.100105
0.100105
0.100105
0.100105
0.100105
0.100105
0.100105
0.100105
0.100105
0.100105
0.100105
0.100105
0.100105
0.100105
0.100105
0.100105
0.100105
0.100105
0.100105
0.100105
0.100105
0.100105
0.100105
0.100105
0.100105
0.100105
0.100105
0.100105
0.100105
0.100105
0.100105
0.100105
0.100105
0.100105
0.100105
0.100105
0.100105
0.100105
0.100105
0.100105
0.100105
0.100105
0.100105
0.100105
0.100105
0.100105
0.100105
0.100105
0.100105
0.100105
0.100105
0.100105
0.100105
0.100105
0.100105
0.100105
0.100105
0.100105
0.100105
0.100105
0.100105
0.100105
0.100105
0.100105
0.100105
0.100105
0.100105
0.100105
0.100105
0.100105
0.100105
0.100105
0.100105
0.100105
0.100105
0.100105
0.100105
0.100105
0.100105
0.100105
0.100105
0.100105
0.100105
0.100105
0.100105
0.100105
0.100105
0.100105
0.100105
0.100105
0.100105
0.100105
0.100105
0.100105
0.100105
0.100105
0.100105
0.100105
0.100105
0.100105
0.100105
0.100105
0.100105
0.100105
0.100105
0.100105
0.100105
0.100105
0.100105
0.100105
0.100105
0.100105
0.100105
0.100105
0.100105
0.100105
0.100105
0.100105
0.100105
0.100105
0.100105
0.100105
0.100105
0.100105
0.100105
0.100105
0.100105
0.100105
0.100105
0.100105
0.100105
0.100105
0.100105
0.100105
0.100105
0.100105
0.100105
0.100105
0.100105
0.100105
0.100105
0.100106
0.100106
0.100106
0.100106
0.100106
0.100106
0.100106
0.100106
0.100106
0.100106
0.100106
0.100106
0.100106
0.100106
0.100106
0.100106
0.100106
0.100106
0.100106
0.100106
0.100106
0.100106
0.100106
0.100106
0.100106
0.100106
0.100106
0.100106
0.100106
0.100106
0.100106
0.100106
0.100106
0.100106
0.100106
0.100106
0.100106
0.100106
0.100106
0.100106
0.100106
0.100106
0.100106
0.100106
0.100106
0.100106
0.100106
0.100106
0.100106
0.100106
0.100106
0.100106
0.100106
0.100106
0.100106
0.100106
0.100106
0.100106
0.100106
0.100106
0.100106
0.100106
0.100106
0.100106
0.100106
0.100106
0.100106
0.100106
0.100106
0.100106
0.100106
0.100106
0.100106
0.100106
0.100106
0.100106
0.100106
0.100106
0.100106
0.100106
0.100106
0.100106
0.100106
0.100106
0.100106
0.100106
0.100106
0.100106
0.100106
0.100106
0.100106
0.100106
0.100106
0.100106
0.100106
0.100106
0.100106
0.100106
0.100106
0.100106
0.100106
0.100106
0.100106
0.100106
0.100106
0.100106
0.100106
0.100106
0.100106
0.100106
0.100106
0.100106
0.100106
0.100106
0.100106
0.100106
0.100106
0.100106
0.100106
0.100106
0.100106
0.100106
0.100106
0.100106
0.100106
0.100106
0.100106
0.100106
0.100106
0.100106
0.100106
0.100106
0.100106
0.100106
0.100106
0.100106
0.100106
0.100106
0.100106
0.100106
0.100106
0.100106
0.100106
0.100106
0.100106
0.100106
0.100106
0.100106
0.100106
0.100106
0.100106
0.100106
0.100106
0.100106
0.100106
0.100106
0.100106
0.100106
0.100106
0.100106
0.100106
0.100106
0.100106
0.100106
0.100106
0.100106
0.100106
0.100106
0.100106
0.100106
0.100106
0.100106
0.100106
0.100106
0.100106
0.100106
0.100106
0.100106
0.100106
0.100106
0.100106
0.100106
0.100106
0.100106
0.100106
0.100106
0.100106
0.100106
0.100106
0.100106
0.100106
0.100106
0.100106
0.100106
0.100106
0.100106
0.100106
0.100106
0.100106
0.100106
0.100106
0.100106
0.100106
0.100106
0.100106
0.100106
0.100106
0.100106
0.100106
0.100106
0.100106
0.100106
0.100106
0.100106
0.100106
0.100106
0.100106
0.100106
0.100106
0.100106
0.100106
0.100106
0.100106
0.100106
0.100106
0.100106
0.100106
0.100106
0.100106
0.100106
0.100106
0.100106
0.100106
0.100106
0.100106
0.100106
0.100106
0.100106
0.100106
0.100106
0.100106
0.100106
0.100106
0.100106
0.100106
0.100106
0.100106
0.100106
0.100106
0.100106
0.100106
0.100106
0.100106
0.100106
0.100106
0.100106
0.100106
0.100106
0.100106
0.100106
0.100106
0.100106
0.100106
0.100106
0.100106
0.100106
0.100106
0.100106
0.100106
0.100106
0.100106
0.100106
0.100106
0.100106
0.100106
0.100106
0.100106
0.100106
0.100106
0.100106
0.100106
0.100106
0.100106
0.100106
0.100106
0.100106
0.100106
0.100106
0.100106
0.100106
0.100106
0.100106
0.100106
0.100106
0.100106
0.100106
0.100106
0.100106
0.100106
0.100106
0.100106
0.100106
0.100106
0.100106
0.100106
0.100106
0.100106
0.100106
0.100106
0.100106
0.100106
0.100106
0.100106
0.100106
0.100106
0.100106
0.100106
0.100106
0.100106
0.100106
0.100106
0.100106
0.100106
0.100106
0.100106
0.100106
0.100107
0.100107
0.100107
0.100107
0.100107
0.100107
0.100107
0.100107
0.100107
0.100107
0.100107
0.100107
0.100107
0.100107
0.100107
0.100107
0.100107
0.100107
0.100107
0.100107
0.100107
0.100107
0.100107
0.100107
0.100107
0.100107
0.100107
0.100107
0.100107
0.100107
0.100107
0.100107
0.100107
0.100107
0.100107
0.100107
0.100107
0.100107
0.100107
0.100107
0.100107
0.100107
0.100107
0.100107
0.100107
0.100107
0.100107
0.100107
0.100107
0.100107
0.100107
0.100107
0.100107
0.100107
0.100107
0.100107
0.100107
0.100107
0.100107
0.100107
0.100107
0.100107
0.100107
0.100107
0.100107
0.100107
0.100107
0.100107
0.100107
0.100107
0.100107
0.100107
0.100107
0.100107
0.100107
0.100107
0.100107
0.100107
0.100107
0.100107
0.100107
0.100107
0.100107
0.100107
0.100107
0.100107
0.100107
0.100107
0.100107
0.100107
0.100107
0.100107
0.100107
0.100107
0.100107
0.100107
0.100107
0.100107
0.100107
0.100107
0.100107
0.100107
0.100107
0.100107
0.100107
0.100107
0.100107
0.100107
0.100107
0.100107
0.100107
0.100107
0.100107
0.100107
0.100107
0.100107
0.100107
0.100107
0.100107
0.100107
0.100107
0.100107
0.100107
0.100107
0.100107
0.100107
0.100107
0.100107
0.100107
0.100107
0.100107
0.100107
0.100107
0.100107
0.100107
0.100107
0.100107
0.100107
0.100107
0.100107
0.100107
0.100107
0.100107
0.100107
0.100107
0.100107
0.100107
0.100107
0.100107
0.100107
0.100107
0.100107
0.100107
0.100107
0.100107
0.100107
0.100107
0.100107
0.100107
0.100107
0.100107
0.100107
0.100107
0.100107
0.100107
0.100107
0.100107
0.100107
0.100107
0.100107
0.100107
0.100107
0.100107
0.100107
0.100107
0.100107
0.100107
0.100107
0.100107
0.100107
0.100107
0.100107
0.100107
0.100107
0.100107
0.100107
0.100107
0.100107
0.100107
0.100107
0.100107
0.100107
0.100107
0.100107
0.100107
0.100107
0.100107
0.100107
0.100107
0.100107
0.100107
0.100107
0.100107
0.100107
0.100107
0.100107
0.100107
0.100107
0.100107
0.100107
0.100107
0.100107
0.100107
0.100107
0.100107
0.100107
0.100107
0.100107
0.100107
0.100107
0.100107
0.100107
0.100107
0.100107
0.100107
0.100107
0.100107
0.100107
0.100107
0.100107
0.100107
0.100107
0.100107
0.100107
0.100107
0.100107
0.100107
0.100107
0.100107
0.100107
0.100107
0.100107
0.100107
0.100107
0.100107
0.100107
0.100107
0.100107
0.100107
0.100107
0.100107
0.100107
0.100107
0.100107
0.100107
0.100107
0.100107
0.100108
0.100108
0.100108
0.100108
0.100108
0.100108
0.100108
0.100108
0.100108
0.100108
0.100108
0.100108
0.100108
0.100108
0.100108
0.100108
0.100108
0.100108
0.100108
0.100108
0.100108
0.100108
0.100108
0.100108
0.100108
0.100108
0.100108
0.100108
0.100108
0.100108
0.100108
0.100108
0.100108
0.100108
0.100108
0.100108
0.100108
0.100108
0.100108
0.100108
0.100108
0.100108
0.100108
0.100108
0.100108
0.100108
0.100108
0.100108
0.100108
0.100108
0.100108
0.100108
0.100108
0.100108
0.100108
0.100108
0.100108
0.100108
0.100108
0.100108
0.100108
0.100108
0.100108
0.100108
0.100108
0.100108
0.100108
0.100108
0.100108
0.100108
0.100108
0.100108
0.100108
0.100108
0.100108
0.100108
0.100108
0.100108
0.100108
0.100108
0.100108
0.100108
0.100108
0.100108
0.100108
0.100108
0.100108
0.100108
0.100108
0.100108
0.100108
0.100108
0.100108
0.100108
0.100108
0.100108
0.100108
0.100108
0.100108
0.100108
0.100108
0.100108
0.100108
0.100108
0.100108
0.100108
0.100108
0.100108
0.100108
0.100108
0.100108
0.100108
0.100108
0.100108
0.100108
0.100108
0.100108
0.100108
0.100108
0.100108
0.100108
0.100108
0.100108
0.100108
0.100108
0.100108
0.100108
0.100108
0.100108
0.100108
0.100108
0.100108
0.100108
0.100108
0.100108
0.100108
0.100108
0.100108
0.100108
0.100108
0.100108
0.100108
0.100108
0.100108
0.100108
0.100108
0.100108
0.100108
0.100108
0.100108
0.100108
0.100108
0.100108
0.100108
0.100108
0.100109
0.100109
0.100109
0.100109
0.100109
0.100109
0.100109
0.100109
0.100109
0.100109
0.100109
0.100109
0.100109
0.100109
0.100109
0.100109
0.100109
0.100109
0.100109
0.100109
0.100109
0.100109
0.100109
0.100109
0.100109
0.100109
0.100109
0.100109
0.100109
0.100109
0.100109
0.100109
0.100109
0.100109
0.100109
0.100109
0.100109
0.100109
0.100109
0.100109
0.100109
0.100109
0.100109
0.100109
0.100109
0.100109
0.100109
0.100109
0.100109
0.100109
0.100109
0.100109
0.100109
0.100109
0.100109
0.100109
0.100109
0.100109
0.100109
0.100109
0.100109
0.100109
0.100109
0.100109
0.100109
0.100109
0.100109
0.100109
0.100109
0.100109
0.100109
0.100109
0.100109
0.100109
0.100109
0.100109
0.100109
0.100109
0.100109
0.100109
0.100109
0.100109
0.100109
0.100109
0.100109
0.100109
0.100109
0.100109
0.100109
0.100109
0.100109
0.100109
0.100109
0.100109
0.100109
0.100109
0.100109
0.100109
0.100109
0.100109
0.100109
0.100109
0.100110
0.100110
0.100110
0.100110
0.100110
0.100110
0.100110
0.100110
0.100110
0.100110
0.100110
0.100110
0.100110
0.100110
0.100110
0.100110
0.100110
0.100110
0.100110
0.100110
0.100110
0.100110
0.100110
0.100110
0.100110
0.100110
0.100110
0.100110
0.100110
0.100110
0.100110
0.100110
0.100110
0.100110
0.100110
0.100110
0.100110
0.100110
0.100110
0.100110
0.100110
0.100110
0.100110
0.100110
0.100110
0.100110
0.100110
0.100110
0.100110
0.100110
0.100110
0.100110
0.100110
0.100110
0.100110
0.100110
0.100110
0.100110
0.100110
0.100110
0.100110
0.100110
0.100110
0.100110
0.100110
0.100110
0.100110
0.100110
0.100110
0.100110
0.100110
0.100110
0.100110
0.100110
0.100110
0.100110
0.100110
0.100110
0.100110
0.100110
0.100110
0.100110
0.100110
0.100110
0.100110
0.100110
0.100110
0.100110
0.100110
0.100110
0.100110
0.100110
0.100110
0.100110
0.100110
0.100110
0.100110
0.100110
0.100110
0.100110
0.100110
0.100110
0.100110
0.100110
0.100110
0.100110
0.100110
0.100110
0.100110
0.100110
0.100110
0.100110
0.100110
0.100111
0.100111
0.100111
0.100111
0.100111
0.100111
0.100111
0.100111
0.100111
0.100111
0.100111
0.100111
0.100111
0.100111
0.100111
0.100111
0.100111
0.100111
0.100111
0.100111
0.100111
0.100111
0.100111
0.100111
0.100111
0.100111
0.100111
0.100111
0.100111
0.100111
0.100111
0.100111
0.100111
0.100111
0.100111
0.100111
0.100111
0.100111
0.100111
0.100111
0.100111
0.100111
0.100111
0.100111
0.100111
0.100111
0.100111
0.100111
0.100111
0.100111
0.100111
0.100111
0.100111
0.100111
0.100111
0.100111
0.100111
0.100111
0.100111
0.100111
0.100111
0.100111
0.100111
0.100111
0.100111
0.100111
0.100111
0.100111
0.100111
0.100111
0.100111
0.100111
0.100111
0.100111
0.100111
0.100111
0.100111
0.100111
0.100111
0.100111
0.100111
0.100111
0.100111
0.100111
0.100111
0.100111
0.100111
0.100111
0.100111
0.100111
0.100111
0.100111
0.100111
0.100111
0.100111
0.100111
0.100111
0.100111
0.100111
0.100111
0.100111
0.100111
0.100111
0.100111
0.100111
0.100111
0.100111
0.100111
0.100111
0.100111
0.100111
0.100111
0.100111
0.100111
0.100111
0.100111
0.100111
0.100112
0.100112
0.100112
0.100112
0.100112
0.100112
0.100112
0.100112
0.100112
0.100112
0.100112
0.100112
0.100112
0.100112
0.100112
0.100112
0.100112
0.100112
0.100112
0.100112
0.100112
0.100112
0.100112
0.100112
0.100112
0.100112
0.100112
0.100112
0.100112
0.100112
0.100112
0.100112
0.100112
0.100112
0.100112
0.100112
0.100112
0.100112
0.100112
0.100112
0.100112
0.100112
0.100112
0.100112
0.100112
0.100112
0.100112
0.100112
0.100112
0.100112
0.100112
0.100112
0.100112
0.100112
0.100112
0.100112
0.100112
0.100112
0.100112
0.100112
0.100112
0.100112
0.100112
0.100112
0.100112
0.100112
0.100112
0.100112
0.100112
0.100112
0.100112
0.100112
0.100112
0.100112
0.100112
0.100112
0.100112
0.100112
0.100112
0.100112
0.100112
0.100112
0.100112
0.100112
0.100112
0.100112
0.100112
0.100112
0.100112
0.100112
0.100112
0.100112
0.100112
0.100112
0.100112
0.100112
0.100112
0.100112
0.100112
0.100112
0.100112
0.100112
0.100112
0.100112
0.100112
0.100112
0.100112
0.100112
0.100112
0.100112
0.100112
0.100112
0.100112
0.100112
0.100113
0.100113
0.100113
0.100113
0.100113
0.100113
0.100113
0.100113
0.100113
0.100113
0.100113
0.100113
0.100113
0.100113
0.100113
0.100113
0.100113
0.100113
0.100113
0.100113
0.100113
0.100113
0.100113
0.100113
0.100113
0.100113
0.100113
0.100113
0.100113
0.100113
0.100113
0.100113
0.100113
0.100113
0.100113
0.100113
0.100113
0.100113
0.100113
0.100113
0.100113
0.100113
0.100113
0.100113
0.100113
0.100113
0.100113
0.100113
0.100113
0.100113
0.100113
0.100113
0.100113
0.100113
0.100113
0.100113
0.100113
0.100113
0.100113
0.100113
0.100113
0.100113
0.100113
0.100113
0.100113
0.100113
0.100113
0.100113
0.100113
0.100113
0.100113
0.100113
0.100113
0.100113
0.100113
0.100113
0.100113
0.100113
0.100113
0.100113
0.100113
0.100113
0.100113
0.100113
0.100113
0.100113
0.100113
0.100113
0.100113
0.100113
0.100113
0.100113
0.100113
0.100113
0.100113
0.100113
0.100113
0.100113
0.100113
0.100113
0.100113
0.100113
0.100113
0.100113
0.100113
0.100113
0.100113
0.100113
0.100113
0.100113
0.100113
0.100113
0.100113
0.100113
0.100113
0.100113
0.100113
0.100113
0.100113
0.100113
0.100113
0.100113
0.100113
0.100113
0.100113
0.100113
0.100113
0.100113
0.100113
0.100113
0.100113
0.100113
0.100113
0.100113
0.100113
0.100113
0.100113
0.100113
0.100113
0.100113
0.100113
0.100113
0.100113
0.100113
0.100113
0.100113
0.100113
0.100113
0.100113
0.100113
0.100113
0.100113
0.100113
0.100113
0.100113
0.100114
0.100114
0.100114
0.100114
0.100114
0.100114
0.100114
0.100114
0.100114
0.100114
0.100114
0.100114
0.100114
0.100114
0.100114
0.100114
0.100114
0.100114
0.100114
0.100114
0.100114
0.100114
0.100114
0.100114
0.100114
0.100114
0.100114
0.100114
0.100114
0.100114
0.100114
0.100114
0.100114
0.100114
0.100114
0.100114
0.100114
0.100114
0.100114
0.100114
0.100114
0.100114
0.100114
0.100114
0.100114
0.100114
0.100114
0.100114
0.100114
0.100114
0.100114
0.100114
0.100114
0.100114
0.100114
0.100114
0.100114
0.100114
0.100114
0.100114
0.100114
0.100114
0.100114
0.100114
0.100114
0.100114
0.100114
0.100114
0.100114
0.100114
0.100114
0.100114
0.100114
0.100114
0.100114
0.100114
0.100114
0.100114
0.100114
0.100114
0.100114
0.100114
0.100114
0.100114
0.100114
0.100114
0.100114
0.100114
0.100114
0.100114
0.100114
0.100114
0.100114
0.100114
0.100114
0.100114
0.100114
0.100114
0.100114
0.100114
0.100114
0.100114
0.100114
0.100114
0.100114
0.100114
0.100114
0.100114
0.100114
0.100114
0.100114
0.100114
0.100114
0.100114
0.100114
0.100114
0.100114
0.100114
0.100114
0.100114
0.100114
0.100114
0.100114
0.100114
0.100114
0.100114
0.100114
0.100114
0.100114
0.100114
0.100114
0.100114
0.100114
0.100114
0.100114
0.100114
0.100114
0.100114
0.100114
0.100114
0.100114
0.100114
0.100114
0.100114
0.100114
0.100114
0.100114
0.100114
0.100114
0.100114
0.100114
0.100114
0.100114
0.100114
0.100114
0.100114
0.100114
0.100114
0.100114
0.100114
0.100114
0.100114
0.100114
0.100115
0.100115
0.100115
0.100115
0.100115
0.100115
0.100115
0.100115
0.100115
0.100115
0.100115
0.100115
0.100115
0.100115
0.100115
0.100115
0.100115
0.100115
0.100115
0.100115
0.100115
0.100115
0.100115
0.100115
0.100115
0.100115
0.100115
0.100115
0.100115
0.100115
0.100115
0.100115
0.100115
0.100115
0.100115
0.100115
0.100115
0.100115
0.100115
0.100115
0.100115
0.100115
0.100115
0.100115
0.100115
0.100115
0.100115
0.100115
0.100115
0.100115
0.100115
0.100115
0.100115
0.100115
0.100115
0.100115
0.100115
0.100115
0.100115
0.100115
0.100115
0.100115
0.100115
0.100115
0.100115
0.100115
0.100115
0.100115
0.100115
0.100115
0.100115
0.100115
0.100115
0.100115
0.100115
0.100115
0.100115
0.100115
0.100115
0.100115
0.100115
0.100115
0.100115
0.100115
0.100115
0.100115
0.100115
0.100115
0.100115
0.100115
0.100115
0.100115
0.100115
0.100115
0.100115
0.100115
0.100115
0.100115
0.100115
0.100115
0.100115
0.100115
0.100115
0.100115
0.100115
0.100116
0.100116
0.100116
0.100116
0.100116
0.100116
0.100116
0.100116
0.100116
0.100116
0.100116
0.100116
0.100116
0.100116
0.100116
0.100116
0.100116
0.100116
0.100116
0.100116
0.100116
0.100116
0.100116
0.100116
0.100116
0.100116
0.100116
0.100116
0.100116
0.100116
0.100116
0.100116
0.100116
0.100116
0.100116
0.100116
0.100116
0.100116
0.100116
0.100116
0.100116
0.100116
0.100116
0.100116
0.100116
0.100116
0.100116
0.100116
0.100116
0.100116
0.100116
0.100116
0.100116
0.100116
0.100116
0.100116
0.100116
0.100116
0.100116
0.100116
0.100116
0.100116
0.100116
0.100116
0.100116
0.100116
0.100116
0.100116
0.100116
0.100116
0.100116
0.100116
0.100116
0.100116
0.100116
0.100116
0.100116
0.100117
0.100117
0.100117
0.100117
0.100117
0.100117
0.100117
0.100117
0.100117
0.100117
0.100117
0.100117
0.100117
0.100117
0.100117
0.100117
0.100117
0.100117
0.100117
0.100117
0.100117
0.100117
0.100117
0.100117
0.100117
0.100117
0.100117
0.100117
0.100117
0.100117
0.100117
0.100117
0.100117
0.100117
0.100117
0.100117
0.100117
0.100117
0.100117
0.100117
0.100117
0.100117
0.100117
0.100117
0.100117
0.100117
0.100117
0.100117
0.100117
0.100117
0.100117
0.100117
0.100117
0.100118
0.100118
0.100118
0.100118
0.100118
0.100118
0.100118
0.100118
0.100118
0.100118
0.100118
0.100118
0.100118
0.100118
0.100118
0.100118
0.100118
0.100118
0.100118
0.100118
0.100118
0.100118
0.100118
0.100118
0.100118
0.100118
0.100118
0.100118
0.100118
0.100119
0.100119
0.100119
0.100119
0.100119
0.100119
0.100119
0.100119
0.100119
0.100119
0.100119
0.100119
0.100119
0.100119
0.100119
0.100119
0.100119
0.100119
0.100119
0.100119
0.100119
0.100119
0.100119
0.100119
0.100119
0.100120
0.100120
0.100120
0.100120
0.100120
0.100120
0.100120
0.100120
0.100120
0.100120
0.100120
0.100121
0.100121
0.100121
0.100121
0.100121
0.100121
0.100121
0.100121
0.100121
0.100121
0.100121
0.100121
0.100121
0.100121
0.100121
0.100121
0.100122
0.100122
0.100122
0.100122
0.100122
0.100122
0.100122
0.100122
0.100123
0.100123
0.100123
0.100123
0.100123
0.100123
0.100123
0.100123
0.100123
0.100124
0.100124
0.100124
0.100124
0.100124
0.100124
0.100124
0.100124
0.100124
0.100125
0.100125
0.100125
0.100125
0.100125
0.100125
0.100125
0.100125
0.100126
0.100126
0.100126
0.100126
0.100126
0.100126
0.100126
0.100126
0.100126
0.100126
0.100126
0.100126
0.100127
0.100127
0.100127
0.100127
0.100127
0.100127
0.100127
0.100127
0.100127
0.100127
0.100128
0.100128
0.100128
0.100128
0.100128
0.100128
0.100128
0.100128
0.100128
0.100129
0.100129
0.100129
0.100129
0.100129
0.100129
0.100129
0.100129
0.100129
0.100129
0.100129
0.100129
0.100130
0.100130
0.100130
0.100130
0.100130
0.100130
0.100130
0.100130
0.100130
0.100130
0.100130
0.100130
0.100130
0.100130
0.100130
0.100130
0.100130
0.100130
0.100131
0.100131
0.100131
0.100131
0.100131
0.100131
0.100131
0.100131
0.100131
0.100131
0.100131
0.100131
0.100132
0.100132
0.100132
0.100132
0.100132
0.100132
0.100132
0.100132
0.100132
0.100132
0.100132
0.100133
0.100133
0.100133
0.100133
0.100133
0.100133
0.100133
0.100133
0.100133
0.100133
0.100133
0.100133
0.100133
0.100133
0.100133
0.100133
0.100133
0.100133
0.100133
0.100133
0.100133
0.100133
0.100134
0.100134
0.100134
0.100134
0.100134
0.100134
0.100134
0.100134
0.100134
0.100134
0.100134
0.100134
0.100134
0.100134
0.100134
0.100134
0.100134
0.100134
0.100134
0.100134
0.100134
0.100134
0.100135
0.100135
0.100135
0.100135
0.100135
0.100135
0.100135
0.100135
0.100135
0.100135
0.100135
0.100135
0.100135
0.100135
0.100135
0.100135
0.100135
0.100135
0.100135
0.100135
0.100135
0.100135
0.100136
0.100136
0.100136
0.100136
0.100136
0.100136
0.100136
0.100136
0.100136
0.100136
0.100136
0.100136
0.100136
0.100136
0.100136
0.100136
0.100136
0.100136
0.100136
0.100136
0.100136
0.100136
0.100136
0.100136
0.100136
0.100136
0.100136
0.100136
0.100136
0.100136
0.100137
0.100137
0.100137
0.100137
0.100137
0.100137
0.100137
0.100137
0.100137
0.100137
0.100137
0.100137
0.100137
0.100137
0.100138
0.100138
0.100138
0.100138
0.100138
0.100138
0.100138
0.100138
0.100138
0.100138
0.100138
0.100138
0.100138
0.100139
0.100139
0.100139
0.100139
0.100139
0.100139
0.100139
0.100139
0.100139
0.100139
0.100139
0.100139
0.100140
0.100140
0.100140
0.100140
0.100140
0.100140
0.100140
0.100140
0.100140
0.100140
0.100140
0.100140
0.100140
0.100140
0.100140
0.100140
0.100140
0.100140
0.100140
0.100141
0.100141
0.100141
0.100141
0.100141
0.100141
0.100141
0.100141
0.100141
0.100141
0.100141
0.100141
0.100141
0.100141
0.100141
0.100141
0.100141
0.100142
0.100142
0.100142
0.100142
0.100143
0.100143
0.100143
0.100143
0.100143
0.100143
0.100144
0.100144
0.100144
0.100144
0.100144
0.100144
0.100144
0.100145
0.100145
0.100145
0.100146
0.100146
0.100146
0.100146
0.100146
0.100146
0.100146
0.100146
0.100147
0.100147
0.100147
0.100147
0.100148
0.100148
0.100148
0.100148
0.100148
0.100149
0.100149
0.100149
0.100149
0.100149
0.100149
0.100150
0.100150
0.100150
0.100150
0.100151
0.100151
0.100152
0.100152
0.100152
0.100152
0.100152
0.100152
0.100153
0.100153
0.100153
0.100153
0.100153
0.100154
0.100154
0.100154
0.100154
0.100154
0.100155
0.100155
0.100155
0.100155
0.100155
0.100155
0.100155
0.100155
0.100156
0.100156
0.100156
0.100157
0.100157
0.100158
0.100158
0.100158
0.100158
0.100158
0.100159
0.100159
0.100159
0.100159
0.100159
0.100160
0.100160
0.100161
0.100162
0.100164
0.100165
0.100166
0.100166
0.100167
0.100168
0.100168
0.100169
0.100171
0.100173
0.100176
0.100176
0.100182
0.100182
0.100182
0.100186
0.100188
0.100191
0.100192
0.100193
0.100196
0.100196
0.100197
0.100199
0.100201
0.100202
0.100204
0.100206
0.100209
0.100213
0.100214
0.100214
0.100216
0.100218
0.100220
0.100232
0.100235
0.100236
0.100236
0.100247
0.100247
0.100247
0.100248
0.100254
0.100254
0.100255
0.100257
0.100258
0.100258
0.100259
0.100260
0.100261
0.100261
0.100263
0.100263
0.100264
0.100264
0.100264
0.100266
0.100266
0.100266
0.100267
0.100267
0.100267
0.100268
0.100269
0.100270
0.100272
0.100277
0.100280
0.100289
0.100292
0.100300
0.100314
0.100340
0.100343
0.100361
0.100365
0.100382
0.100387
0.100412
0.100567
0.100657
0.100996
0.101044
0.101155
0.101499
0.101522
0.102579
0.102822
0.103287
0.105666
0.106233
0.106275
0.109094
0.110251
0.110609
0.120586
0.123328
0.124402
0.124493
0.132501
0.133055
0.143692
0.144936
0.147362
0.153676
0.160846
0.163482
0.164902
0.182095
0.191130
Minimum: 0.100065
Maximum: 0.191130
Mean: 0.100237
Median: 0.100104
Standard Deviation: 0.002599
