0.100062
0.100065
0.100069
0.100071
0.100072
0.100072
0.100072
0.100082
0.100084
0.100085
0.100085
0.100086
0.100087
0.100087
0.100089
0.100089
0.100089
0.100089
0.100089
0.100090
0.100090
0.100090
0.100091
0.100091
0.100091
0.100091
0.100092
0.100093
0.100093
0.100093
0.100094
0.100094
0.100094
0.100094
0.100095
0.100095
0.100095
0.100095
0.100096
0.100096
0.100096
0.100096
0.100096
0.100096
0.100096
0.100096
0.100097
0.100097
0.100097
0.100097
0.100097
0.100097
0.100097
0.100097
0.100097
0.100097
0.100097
0.100097
0.100097
0.100097
0.100097
0.100097
0.100098
0.100098
0.100098
0.100098
0.100098
0.100098
0.100098
0.100098
0.100098
0.100098
0.100098
0.100098
0.100098
0.100098
0.100098
0.100098
0.100098
0.100098
0.100098
0.100098
0.100098
0.100098
0.100098
0.100098
0.100098
0.100098
0.100098
0.100098
0.100098
0.100098
0.100098
0.100098
0.100098
0.100098
0.100098
0.100098
0.100098
0.100098
0.100098
0.100098
0.100098
0.100098
0.100098
0.100098
0.100098
0.100098
0.100098
0.100098
0.100098
0.100098
0.100098
0.100098
0.100098
0.100098
0.100098
0.100098
0.100098
0.100098
0.100098
0.100098
0.100098
0.100098
0.100098
0.100098
0.100098
0.100098
0.100098
0.100098
0.100098
0.100098
0.100098
0.100098
0.100098
0.100098
0.100098
0.100098
0.100098
0.100098
0.100098
0.100098
0.100098
0.100098
0.100098
0.100098
0.100098
0.100098
0.100098
0.100098
0.100098
0.100098
0.100098
0.100098
0.100098
0.100098
0.100098
0.100098
0.100098
0.100098
0.100098
0.100098
0.100098
0.100098
0.100098
0.100098
0.100098
0.100098
0.100098
0.100098
0.100099
0.100099
0.100099
0.100099
0.100099
0.100099
0.100099
0.100099
0.100099
0.100099
0.100099
0.100099
0.100099
0.100099
0.100099
0.100099
0.100099
0.100099
0.100099
0.100099
0.100099
0.100099
0.100099
0.100099
0.100099
0.100099
0.100099
0.100099
0.100099
0.100099
0.100099
0.100099
0.100099
0.100099
0.100099
0.100099
0.100099
0.100099
0.100099
0.100099
0.100099
0.100099
0.100099
0.100099
0.100099
0.100099
0.100099
0.100099
0.100099
0.100099
0.100099
0.100099
0.100099
0.100099
0.100099
0.100099
0.100099
0.100099
0.100099
0.100099
0.100099
0.100099
0.100099
0.100099
0.100099
0.100099
0.100099
0.100099
0.100099
0.100099
0.100099
0.100099
0.100099
0.100099
0.100099
0.100099
0.100099
0.100099
0.100099
0.100099
0.100099
0.100099
0.100099
0.100099
0.100099
0.100099
0.100099
0.100099
0.100099
0.100099
0.100099
0.100099
0.100099
0.100099
0.100099
0.100099
0.100099
0.100099
0.100099
0.100099
0.100099
0.100099
0.100099
0.100099
0.100099
0.100099
0.100099
0.100099
0.100099
0.100099
0.100099
0.100099
0.100099
0.100099
0.100099
0.100099
0.100099
0.100099
0.100099
0.100099
0.100099
0.100099
0.100099
0.100099
0.100099
0.100099
0.100099
0.100099
0.100099
0.100099
0.100099
0.100099
0.100099
0.100099
0.100099
0.100099
0.100099
0.100099
0.100099
0.100099
0.100099
0.100099
0.100099
0.100099
0.100099
0.100099
0.100099
0.100099
0.100099
0.100099
0.100099
0.100099
0.100099
0.100099
0.100099
0.100099
0.100099
0.100099
0.100099
0.100099
0.100099
0.100099
0.100099
0.100099
0.100099
0.100099
0.100099
0.100099
0.100099
0.100099
0.100099
0.100099
0.100099
0.100099
0.100099
0.100099
0.100099
0.100099
0.100099
0.100099
0.100099
0.100099
0.100099
0.100099
0.100099
0.100099
0.100099
0.100099
0.100099
0.100099
0.100099
0.100099
0.100099
0.100099
0.100099
0.100099
0.100099
0.100099
0.100099
0.100099
0.100099
0.100099
0.100099
0.100099
0.100099
0.100099
0.100099
0.100099
0.100099
0.100099
0.100099
0.100099
0.100099
0.100099
0.100099
0.100099
0.100099
0.100099
0.100099
0.100099
0.100099
0.100099
0.100099
0.100099
0.100099
0.100099
0.100099
0.100099
0.100099
0.100099
0.100099
0.100099
0.100099
0.100099
0.100099
0.100099
0.100099
0.100099
0.100099
0.100099
0.100099
0.100099
0.100099
0.100099
0.100099
0.100099
0.100099
0.100099
0.100099
0.100099
0.100099
0.100099
0.100099
0.100099
0.100099
0.100099
0.100099
0.100099
0.100099
0.100099
0.100099
0.100099
0.100099
0.100099
0.100099
0.100099
0.100099
0.100099
0.100099
0.100099
0.100099
0.100099
0.100099
0.100099
0.100099
0.100099
0.100099
0.100099
0.100099
0.100099
0.100099
0.100099
0.100099
0.100099
0.100099
0.100099
0.100099
0.100099
0.100099
0.100099
0.100099
0.100099
0.100099
0.100099
0.100099
0.100099
0.100099
0.100099
0.100099
0.100099
0.100099
0.100099
0.100099
0.100099
0.100099
0.100099
0.100099
0.100099
0.100099
0.100099
0.100099
0.100099
0.100099
0.100099
0.100099
0.100099
0.100099
0.100099
0.100099
0.100099
0.100099
0.100099
0.100099
0.100099
0.100099
0.100099
0.100099
0.100099
0.100099
0.100099
0.100099
0.100099
0.100099
0.100099
0.100099
0.100099
0.100099
0.100099
0.100099
0.100099
0.100099
0.100099
0.100099
0.100099
0.100099
0.100099
0.100099
0.100099
0.100099
0.100099
0.100099
0.100099
0.100099
0.100099
0.100099
0.100099
0.100099
0.100099
0.100099
0.100099
0.100099
0.100099
0.100099
0.100099
0.100099
0.100099
0.100099
0.100099
0.100099
0.100099
0.100099
0.100099
0.100099
0.100099
0.100099
0.100099
0.100099
0.100099
0.100099
0.100099
0.100099
0.100099
0.100099
0.100099
0.100099
0.100099
0.100099
0.100099
0.100099
0.100099
0.100099
0.100099
0.100099
0.100099
0.100099
0.100099
0.100099
0.100099
0.100099
0.100099
0.100099
0.100099
0.100099
0.100099
0.100099
0.100099
0.100099
0.100099
0.100099
0.100099
0.100099
0.100099
0.100099
0.100099
0.100099
0.100099
0.100099
0.100100
0.100100
0.100100
0.100100
0.100100
0.100100
0.100100
0.100100
0.100100
0.100100
0.100100
0.100100
0.100100
0.100100
0.100100
0.100100
0.100100
0.100100
0.100100
0.100100
0.100100
0.100100
0.100100
0.100100
0.100100
0.100100
0.100100
0.100100
0.100100
0.100100
0.100100
0.100100
0.100100
0.100100
0.100100
0.100100
0.100100
0.100100
0.100100
0.100100
0.100100
0.100100
0.100100
0.100100
0.100100
0.100100
0.100100
0.100100
0.100100
0.100100
0.100100
0.100100
0.100100
0.100100
0.100100
0.100100
0.100100
0.100100
0.100100
0.100100
0.100100
0.100100
0.100100
0.100100
0.100100
0.100100
0.100100
0.100100
0.100100
0.100100
0.100100
0.100100
0.100100
0.100100
0.100100
0.100100
0.100100
0.100100
0.100100
0.100100
0.100100
0.100100
0.100100
0.100100
0.100100
0.100100
0.100100
0.100100
0.100100
0.100100
0.100100
0.100100
0.100100
0.100100
0.100100
0.100100
0.100100
0.100100
0.100100
0.100100
0.100100
0.100100
0.100100
0.100100
0.100100
0.100100
0.100100
0.100100
0.100100
0.100100
0.100100
0.100100
0.100100
0.100100
0.100100
0.100100
0.100100
0.100100
0.100100
0.100100
0.100100
0.100100
0.100100
0.100100
0.100100
0.100100
0.100100
0.100100
0.100100
0.100100
0.100100
0.100100
0.100100
0.100100
0.100100
0.100100
0.100100
0.100100
0.100100
0.100100
0.100100
0.100100
0.100100
0.100100
0.100100
0.100100
0.100100
0.100100
0.100100
0.100100
0.100100
0.100100
0.100100
0.100100
0.100100
0.100100
0.100100
0.100100
0.100100
0.100100
0.100100
0.100100
0.100100
0.100100
0.100100
0.100100
0.100100
0.100100
0.100100
0.100100
0.100100
0.100100
0.100100
0.100100
0.100100
0.100100
0.100100
0.100100
0.100100
0.100100
0.100100
0.100100
0.100100
0.100100
0.100100
0.100100
0.100100
0.100100
0.100100
0.100100
0.100100
0.100100
0.100100
0.100100
0.100100
0.100100
0.100100
0.100100
0.100100
0.100100
0.100100
0.100100
0.100100
0.100100
0.100100
0.100100
0.100100
0.100100
0.100100
0.100100
0.100100
0.100100
0.100100
0.100100
0.100100
0.100100
0.100100
0.100100
0.100100
0.100100
0.100100
0.100100
0.100100
0.100100
0.100100
0.100100
0.100100
0.100100
0.100100
0.100100
0.100100
0.100100
0.100100
0.100100
0.100100
0.100100
0.100100
0.100100
0.100100
0.100100
0.100100
0.100100
0.100100
0.100100
0.100100
0.100100
0.100100
0.100100
0.100100
0.100100
0.100100
0.100100
0.100100
0.100100
0.100100
0.100100
0.100100
0.100100
0.100100
0.100100
0.100100
0.100100
0.100100
0.100100
0.100100
0.100100
0.100100
0.100100
0.100100
0.100100
0.100100
0.100100
0.100100
0.100100
0.100100
0.100100
0.100100
0.100100
0.100100
0.100100
0.100100
0.100100
0.100100
0.100100
0.100100
0.100100
0.100100
0.100100
0.100100
0.100100
0.100100
0.100100
0.100100
0.100100
0.100100
0.100100
0.100100
0.100100
0.100100
0.100100
0.100100
0.100100
0.100100
0.100100
0.100100
0.100100
0.100100
0.100100
0.100100
0.100100
0.100100
0.100100
0.100100
0.100100
0.100100
0.100100
0.100100
0.100100
0.100100
0.100100
0.100100
0.100100
0.100100
0.100100
0.100100
0.100100
0.100100
0.100100
0.100100
0.100100
0.100100
0.100100
0.100100
0.100100
0.100100
0.100100
0.100100
0.100100
0.100100
0.100100
0.100100
0.100100
0.100100
0.100100
0.100100
0.100100
0.100100
0.100100
0.100100
0.100100
0.100100
0.100100
0.100100
0.100100
0.100100
0.100100
0.100100
0.100100
0.100100
0.100100
0.100100
0.100100
0.100100
0.100100
0.100100
0.100100
0.100100
0.100100
0.100100
0.100100
0.100100
0.100100
0.100100
0.100100
0.100100
0.100100
0.100100
0.100100
0.100100
0.100100
0.100100
0.100100
0.100100
0.100100
0.100100
0.100100
0.100100
0.100100
0.100100
0.100100
0.100100
0.100100
0.100100
0.100100
0.100100
0.100100
0.100100
0.100100
0.100100
0.100100
0.100100
0.100100
0.100100
0.100100
0.100100
0.100100
0.100100
0.100100
0.100100
0.100100
0.100100
0.100100
0.100100
0.100100
0.100100
0.100100
0.100100
0.100100
0.100100
0.100100
0.100100
0.100100
0.100100
0.100100
0.100100
0.100100
0.100100
0.100100
0.100100
0.100100
0.100100
0.100100
0.100100
0.100100
0.100100
0.100100
0.100100
0.100100
0.100100
0.100100
0.100100
0.100100
0.100100
0.100100
0.100100
0.100100
0.100100
0.100100
0.100100
0.100100
0.100100
0.100100
0.100100
0.100100
0.100100
0.100100
0.100100
0.100100
0.100100
0.100100
0.100100
0.100100
0.100100
0.100100
0.100100
0.100100
0.100100
0.100100
0.100100
0.100100
0.100100
0.100100
0.100100
0.100100
0.100100
0.100100
0.100100
0.100100
0.100100
0.100100
0.100100
0.100100
0.100100
0.100100
0.100100
0.100100
0.100100
0.100100
0.100100
0.100100
0.100100
0.100100
0.100100
0.100100
0.100100
0.100100
0.100100
0.100100
0.100100
0.100100
0.100100
0.100100
0.100100
0.100100
0.100100
0.100100
0.100100
0.100100
0.100100
0.100100
0.100100
0.100100
0.100100
0.100100
0.100100
0.100100
0.100100
0.100100
0.100100
0.100100
0.100100
0.100100
0.100100
0.100100
0.100100
0.100100
0.100100
0.100100
0.100100
0.100100
0.100100
0.100100
0.100100
0.100100
0.100100
0.100100
0.100100
0.100100
0.100100
0.100100
0.100100
0.100100
0.100100
0.100100
0.100100
0.100100
0.100100
0.100100
0.100100
0.100100
0.100100
0.100100
0.100100
0.100100
0.100100
0.100100
0.100100
0.100100
0.100100
0.100100
0.100100
0.100100
0.100100
0.100100
0.100100
0.100100
0.100100
0.100100
0.100100
0.100100
0.100100
0.100100
0.100100
0.100100
0.100100
0.100100
0.100100
0.100100
0.100100
0.100100
0.100100
0.100100
0.100100
0.100100
0.100100
0.100100
0.100100
0.100100
0.100100
0.100100
0.100100
0.100100
0.100100
0.100100
0.100100
0.100100
0.100100
0.100100
0.100100
0.100100
0.100100
0.100100
0.100100
0.100100
0.100100
0.100100
0.100100
0.100100
0.100100
0.100100
0.100100
0.100100
0.100100
0.100100
0.100100
0.100100
0.100100
0.100100
0.100100
0.100100
0.100100
0.100100
0.100100
0.100100
0.100100
0.100100
0.100100
0.100100
0.100100
0.100100
0.100100
0.100100
0.100100
0.100100
0.100100
0.100100
0.100100
0.100100
0.100100
0.100100
0.100100
0.100100
0.100100
0.100100
0.100100
0.100100
0.100100
0.100100
0.100100
0.100100
0.100100
0.100100
0.100100
0.100100
0.100100
0.100100
0.100100
0.100100
0.100100
0.100100
0.100100
0.100100
0.100100
0.100100
0.100100
0.100100
0.100100
0.100100
0.100100
0.100100
0.100100
0.100100
0.100100
0.100100
0.100100
0.100100
0.100100
0.100100
0.100100
0.100100
0.100100
0.100100
0.100100
0.100100
0.100100
0.100100
0.100100
0.100100
0.100100
0.100100
0.100100
0.100100
0.100100
0.100100
0.100100
0.100100
0.100100
0.100100
0.100100
0.100100
0.100100
0.100100
0.100100
0.100100
0.100100
0.100100
0.100100
0.100100
0.100100
0.100100
0.100100
0.100100
0.100100
0.100100
0.100100
0.100100
0.100100
0.100100
0.100100
0.100100
0.100100
0.100100
0.100100
0.100100
0.100100
0.100100
0.100100
0.100100
0.100100
0.100100
0.100100
0.100100
0.100100
0.100100
0.100100
0.100100
0.100100
0.100100
0.100100
0.100100
0.100100
0.100100
0.100100
0.100100
0.100100
0.100100
0.100100
0.100100
0.100100
0.100100
0.100100
0.100100
0.100100
0.100100
0.100100
0.100100
0.100100
0.100100
0.100100
0.100100
0.100100
0.100100
0.100101
0.100101
0.100101
0.100101
0.100101
0.100101
0.100101
0.100101
0.100101
0.100101
0.100101
0.100101
0.100101
0.100101
0.100101
0.100101
0.100101
0.100101
0.100101
0.100101
0.100101
0.100101
0.100101
0.100101
0.100101
0.100101
0.100101
0.100101
0.100101
0.100101
0.100101
0.100101
0.100101
0.100101
0.100101
0.100101
0.100101
0.100101
0.100101
0.100101
0.100101
0.100101
0.100101
0.100101
0.100101
0.100101
0.100101
0.100101
0.100101
0.100101
0.100101
0.100101
0.100101
0.100101
0.100101
0.100101
0.100101
0.100101
0.100101
0.100101
0.100101
0.100101
0.100101
0.100101
0.100101
0.100101
0.100101
0.100101
0.100101
0.100101
0.100101
0.100101
0.100101
0.100101
0.100101
0.100101
0.100101
0.100101
0.100101
0.100101
0.100101
0.100101
0.100101
0.100101
0.100101
0.100101
0.100101
0.100101
0.100101
0.100101
0.100101
0.100101
0.100101
0.100101
0.100101
0.100101
0.100101
0.100101
0.100101
0.100101
0.100101
0.100101
0.100101
0.100101
0.100101
0.100101
0.100101
0.100101
0.100101
0.100101
0.100101
0.100101
0.100101
0.100101
0.100101
0.100101
0.100101
0.100101
0.100101
0.100101
0.100101
0.100101
0.100101
0.100101
0.100101
0.100101
0.100101
0.100101
0.100101
0.100101
0.100101
0.100101
0.100101
0.100101
0.100101
0.100101
0.100101
0.100101
0.100101
0.100101
0.100101
0.100101
0.100101
0.100101
0.100101
0.100101
0.100101
0.100101
0.100101
0.100101
0.100101
0.100101
0.100101
0.100101
0.100101
0.100101
0.100101
0.100101
0.100101
0.100101
0.100101
0.100101
0.100101
0.100101
0.100101
0.100101
0.100101
0.100101
0.100101
0.100101
0.100101
0.100101
0.100101
0.100101
0.100101
0.100101
0.100101
0.100101
0.100101
0.100101
0.100101
0.100101
0.100101
0.100101
0.100101
0.100101
0.100101
0.100101
0.100101
0.100101
0.100101
0.100101
0.100101
0.100101
0.100101
0.100101
0.100101
0.100101
0.100101
0.100101
0.100101
0.100101
0.100101
0.100101
0.100101
0.100101
0.100101
0.100101
0.100101
0.100101
0.100101
0.100101
0.100101
0.100101
0.100101
0.100101
0.100101
0.100101
0.100101
0.100101
0.100101
0.100101
0.100101
0.100101
0.100101
0.100101
0.100101
0.100101
0.100101
0.100101
0.100101
0.100101
0.100101
0.100101
0.100101
0.100101
0.100101
0.100101
0.100101
0.100101
0.100101
0.100101
0.100101
0.100101
0.100101
0.100101
0.100101
0.100101
0.100101
0.100101
0.100101
0.100101
0.100101
0.100101
0.100101
0.100101
0.100101
0.100101
0.100101
0.100101
0.100101
0.100101
0.100101
0.100101
0.100101
0.100101
0.100101
0.100101
0.100101
0.100101
0.100101
0.100101
0.100101
0.100101
0.100101
0.100101
0.100101
0.100101
0.100101
0.100101
0.100101
0.100101
0.100101
0.100101
0.100101
0.100101
0.100101
0.100101
0.100101
0.100101
0.100101
0.100101
0.100101
0.100101
0.100101
0.100101
0.100101
0.100101
0.100101
0.100101
0.100101
0.100101
0.100101
0.100101
0.100101
0.100101
0.100101
0.100101
0.100101
0.100101
0.100101
0.100101
0.100101
0.100101
0.100101
0.100101
0.100101
0.100101
0.100101
0.100101
0.100101
0.100101
0.100101
0.100101
0.100101
0.100101
0.100101
0.100101
0.100101
0.100101
0.100101
0.100101
0.100101
0.100101
0.100101
0.100101
0.100101
0.100101
0.100101
0.100101
0.100101
0.100101
0.100101
0.100101
0.100101
0.100101
0.100101
0.100101
0.100101
0.100101
0.100101
0.100101
0.100101
0.100101
0.100101
0.100101
0.100101
0.100101
0.100101
0.100101
0.100101
0.100101
0.100101
0.100101
0.100101
0.100101
0.100101
0.100101
0.100101
0.100101
0.100101
0.100101
0.100101
0.100101
0.100101
0.100101
0.100101
0.100101
0.100101
0.100101
0.100101
0.100101
0.100101
0.100101
0.100101
0.100101
0.100101
0.100101
0.100101
0.100101
0.100101
0.100101
0.100101
0.100101
0.100101
0.100101
0.100101
0.100101
0.100101
0.100101
0.100101
0.100101
0.100101
0.100101
0.100101
0.100101
0.100101
0.100101
0.100101
0.100101
0.100101
0.100101
0.100101
0.100101
0.100101
0.100101
0.100101
0.100101
0.100101
0.100101
0.100101
0.100101
0.100101
0.100101
0.100101
0.100101
0.100101
0.100101
0.100101
0.100101
0.100101
0.100101
0.100101
0.100101
0.100101
0.100101
0.100101
0.100101
0.100101
0.100101
0.100101
0.100101
0.100101
0.100101
0.100101
0.100101
0.100101
0.100101
0.100101
0.100101
0.100101
0.100101
0.100101
0.100101
0.100101
0.100101
0.100101
0.100101
0.100101
0.100101
0.100101
0.100101
0.100101
0.100101
0.100101
0.100101
0.100101
0.100101
0.100101
0.100101
0.100101
0.100101
0.100101
0.100101
0.100101
0.100101
0.100101
0.100101
0.100101
0.100101
0.100101
0.100101
0.100101
0.100101
0.100101
0.100101
0.100101
0.100101
0.100101
0.100101
0.100101
0.100101
0.100101
0.100101
0.100101
0.100101
0.100101
0.100101
0.100101
0.100101
0.100101
0.100101
0.100101
0.100101
0.100101
0.100101
0.100101
0.100101
0.100101
0.100101
0.100101
0.100101
0.100101
0.100101
0.100101
0.100101
0.100101
0.100101
0.100101
0.100101
0.100101
0.100101
0.100101
0.100101
0.100101
0.100101
0.100101
0.100101
0.100101
0.100101
0.100101
0.100101
0.100101
0.100101
0.100101
0.100101
0.100101
0.100101
0.100101
0.100101
0.100101
0.100101
0.100101
0.100101
0.100101
0.100101
0.100101
0.100101
0.100101
0.100101
0.100101
0.100101
0.100101
0.100101
0.100101
0.100101
0.100101
0.100101
0.100101
0.100101
0.100101
0.100101
0.100101
0.100101
0.100101
0.100101
0.100101
0.100101
0.100101
0.100101
0.100101
0.100101
0.100101
0.100101
0.100101
0.100101
0.100101
0.100101
0.100101
0.100101
0.100101
0.100101
0.100101
0.100101
0.100101
0.100101
0.100101
0.100101
0.100101
0.100101
0.100101
0.100101
0.100101
0.100101
0.100101
0.100101
0.100101
0.100101
0.100101
0.100101
0.100101
0.100101
0.100101
0.100101
0.100101
0.100101
0.100101
0.100101
0.100101
0.100101
0.100101
0.100101
0.100101
0.100101
0.100101
0.100101
0.100101
0.100101
0.100101
0.100101
0.100101
0.100101
0.100101
0.100101
0.100101
0.100101
0.100101
0.100101
0.100101
0.100101
0.100101
0.100101
0.100101
0.100101
0.100101
0.100101
0.100101
0.100101
0.100101
0.100101
0.100101
0.100101
0.100101
0.100101
0.100101
0.100101
0.100101
0.100101
0.100101
0.100101
0.100101
0.100101
0.100101
0.100101
0.100101
0.100101
0.100101
0.100101
0.100101
0.100101
0.100101
0.100101
0.100101
0.100101
0.100101
0.100101
0.100101
0.100101
0.100101
0.100101
0.100101
0.100101
0.100101
0.100101
0.100101
0.100101
0.100101
0.100101
0.100101
0.100101
0.100101
0.100101
0.100101
0.100101
0.100101
0.100101
0.100101
0.100101
0.100101
0.100101
0.100101
0.100101
0.100101
0.100101
0.100101
0.100101
0.100101
0.100101
0.100101
0.100101
0.100101
0.100101
0.100101
0.100101
0.100101
0.100101
0.100101
0.100101
0.100101
0.100101
0.100101
0.100101
0.100101
0.100101
0.100101
0.100101
0.100101
0.100101
0.100101
0.100101
0.100101
0.100101
0.100101
0.100101
0.100101
0.100101
0.100101
0.100101
0.100101
0.100101
0.100101
0.100101
0.100101
0.100101
0.100101
0.100101
0.100101
0.100101
0.100101
0.100101
0.100101
0.100101
0.100101
0.100101
0.100101
0.100101
0.100101
0.100101
0.100101
0.100101
0.100101
0.100101
0.100101
0.100101
0.100101
0.100101
0.100101
0.100101
0.100101
0.100101
0.100101
0.100101
0.100101
0.100101
0.100101
0.100101
0.100101
0.100101
0.100101
0.100101
0.100101
0.100101
0.100101
0.100101
0.100101
0.100101
0.100101
0.100101
0.100101
0.100101
0.100101
0.100101
0.100101
0.100101
0.100101
0.100101
0.100101
0.100101
0.100101
0.100101
0.100101
0.100101
0.100101
0.100101
0.100101
0.100101
0.100101
0.100101
0.100101
0.100101
0.100101
0.100101
0.100101
0.100101
0.100101
0.100101
0.100101
0.100101
0.100101
0.100101
0.100101
0.100101
0.100101
0.100101
0.100101
0.100101
0.100101
0.100101
0.100101
0.100101
0.100101
0.100101
0.100101
0.100101
0.100101
0.100101
0.100101
0.100101
0.100101
0.100101
0.100101
0.100101
0.100101
0.100101
0.100101
0.100101
0.100101
0.100101
0.100101
0.100101
0.100101
0.100101
0.100101
0.100101
0.100101
0.100101
0.100101
0.100101
0.100101
0.100101
0.100101
0.100101
0.100101
0.100101
0.100101
0.100101
0.100101
0.100101
0.100101
0.100101
0.100101
0.100101
0.100101
0.100101
0.100101
0.100101
0.100101
0.100101
0.100101
0.100101
0.100101
0.100101
0.100101
0.100101
0.100101
0.100101
0.100101
0.100101
0.100101
0.100101
0.100101
0.100101
0.100101
0.100101
0.100101
0.100101
0.100101
0.100101
0.100101
0.100101
0.100101
0.100101
0.100101
0.100101
0.100101
0.100101
0.100101
0.100101
0.100101
0.100101
0.100101
0.100101
0.100101
0.100101
0.100101
0.100101
0.100101
0.100101
0.100101
0.100101
0.100101
0.100101
0.100102
0.100102
0.100102
0.100102
0.100102
0.100102
0.100102
0.100102
0.100102
0.100102
0.100102
0.100102
0.100102
0.100102
0.100102
0.100102
0.100102
0.100102
0.100102
0.100102
0.100102
0.100102
0.100102
0.100102
0.100102
0.100102
0.100102
0.100102
0.100102
0.100102
0.100102
0.100102
0.100102
0.100102
0.100102
0.100102
0.100102
0.100102
0.100102
0.100102
0.100102
0.100102
0.100102
0.100102
0.100102
0.100102
0.100102
0.100102
0.100102
0.100102
0.100102
0.100102
0.100102
0.100102
0.100102
0.100102
0.100102
0.100102
0.100102
0.100102
0.100102
0.100102
0.100102
0.100102
0.100102
0.100102
0.100102
0.100102
0.100102
0.100102
0.100102
0.100102
0.100102
0.100102
0.100102
0.100102
0.100102
0.100102
0.100102
0.100102
0.100102
0.100102
0.100102
0.100102
0.100102
0.100102
0.100102
0.100102
0.100102
0.100102
0.100102
0.100102
0.100102
0.100102
0.100102
0.100102
0.100102
0.100102
0.100102
0.100102
0.100102
0.100102
0.100102
0.100102
0.100102
0.100102
0.100102
0.100102
0.100102
0.100102
0.100102
0.100102
0.100102
0.100102
0.100102
0.100102
0.100102
0.100102
0.100102
0.100102
0.100102
0.100102
0.100102
0.100102
0.100102
0.100102
0.100102
0.100102
0.100102
0.100102
0.100102
0.100102
0.100102
0.100102
0.100102
0.100102
0.100102
0.100102
0.100102
0.100102
0.100102
0.100102
0.100102
0.100102
0.100102
0.100102
0.100102
0.100102
0.100102
0.100102
0.100102
0.100102
0.100102
0.100102
0.100102
0.100102
0.100102
0.100102
0.100102
0.100102
0.100102
0.100102
0.100102
0.100102
0.100102
0.100102
0.100102
0.100102
0.100102
0.100102
0.100102
0.100102
0.100102
0.100102
0.100102
0.100102
0.100102
0.100102
0.100102
0.100102
0.100102
0.100102
0.100102
0.100102
0.100102
0.100102
0.100102
0.100102
0.100102
0.100102
0.100102
0.100102
0.100102
0.100102
0.100102
0.100102
0.100102
0.100102
0.100102
0.100102
0.100102
0.100102
0.100102
0.100102
0.100102
0.100102
0.100102
0.100102
0.100102
0.100102
0.100102
0.100102
0.100102
0.100102
0.100102
0.100102
0.100102
0.100102
0.100102
0.100102
0.100102
0.100102
0.100102
0.100102
0.100102
0.100102
0.100102
0.100102
0.100102
0.100102
0.100102
0.100102
0.100102
0.100102
0.100102
0.100102
0.100102
0.100102
0.100102
0.100102
0.100102
0.100102
0.100102
0.100102
0.100102
0.100102
0.100102
0.100102
0.100102
0.100102
0.100102
0.100102
0.100102
0.100102
0.100102
0.100102
0.100102
0.100102
0.100102
0.100102
0.100102
0.100102
0.100102
0.100102
0.100102
0.100102
0.100102
0.100102
0.100102
0.100102
0.100102
0.100102
0.100102
0.100102
0.100102
0.100102
0.100102
0.100102
0.100102
0.100102
0.100102
0.100102
0.100102
0.100102
0.100102
0.100102
0.100102
0.100102
0.100102
0.100102
0.100102
0.100102
0.100102
0.100102
0.100102
0.100102
0.100102
0.100102
0.100102
0.100102
0.100102
0.100102
0.100102
0.100102
0.100102
0.100102
0.100102
0.100102
0.100102
0.100102
0.100102
0.100102
0.100102
0.100102
0.100102
0.100102
0.100102
0.100102
0.100102
0.100102
0.100102
0.100102
0.100102
0.100102
0.100102
0.100102
0.100102
0.100102
0.100102
0.100102
0.100102
0.100102
0.100102
0.100102
0.100102
0.100102
0.100102
0.100102
0.100102
0.100102
0.100102
0.100102
0.100102
0.100102
0.100102
0.100102
0.100102
0.100102
0.100102
0.100102
0.100102
0.100102
0.100102
0.100102
0.100102
0.100102
0.100102
0.100102
0.100102
0.100102
0.100102
0.100102
0.100102
0.100102
0.100102
0.100102
0.100102
0.100102
0.100102
0.100102
0.100102
0.100102
0.100102
0.100102
0.100102
0.100102
0.100102
0.100102
0.100102
0.100102
0.100102
0.100102
0.100102
0.100102
0.100102
0.100102
0.100102
0.100102
0.100102
0.100102
0.100102
0.100102
0.100102
0.100102
0.100102
0.100102
0.100102
0.100102
0.100102
0.100102
0.100102
0.100102
0.100102
0.100102
0.100102
0.100102
0.100102
0.100102
0.100102
0.100102
0.100102
0.100102
0.100102
0.100102
0.100102
0.100102
0.100102
0.100102
0.100102
0.100102
0.100102
0.100102
0.100102
0.100102
0.100102
0.100102
0.100102
0.100102
0.100102
0.100102
0.100102
0.100102
0.100102
0.100102
0.100102
0.100102
0.100102
0.100102
0.100102
0.100102
0.100102
0.100102
0.100102
0.100102
0.100102
0.100102
0.100102
0.100102
0.100102
0.100102
0.100102
0.100102
0.100102
0.100102
0.100102
0.100102
0.100102
0.100102
0.100102
0.100102
0.100102
0.100102
0.100102
0.100102
0.100102
0.100102
0.100102
0.100102
0.100102
0.100102
0.100102
0.100102
0.100102
0.100102
0.100102
0.100102
0.100102
0.100102
0.100102
0.100102
0.100102
0.100102
0.100102
0.100102
0.100102
0.100102
0.100102
0.100102
0.100102
0.100102
0.100102
0.100102
0.100102
0.100102
0.100102
0.100102
0.100102
0.100102
0.100102
0.100102
0.100102
0.100102
0.100102
0.100102
0.100102
0.100102
0.100102
0.100102
0.100102
0.100102
0.100102
0.100102
0.100102
0.100102
0.100102
0.100102
0.100102
0.100102
0.100102
0.100102
0.100102
0.100102
0.100102
0.100102
0.100102
0.100102
0.100102
0.100102
0.100102
0.100102
0.100102
0.100102
0.100102
0.100102
0.100102
0.100102
0.100102
0.100102
0.100102
0.100102
0.100102
0.100102
0.100102
0.100102
0.100102
0.100102
0.100102
0.100102
0.100102
0.100102
0.100102
0.100102
0.100102
0.100102
0.100102
0.100102
0.100102
0.100102
0.100102
0.100102
0.100102
0.100102
0.100102
0.100102
0.100102
0.100102
0.100102
0.100102
0.100102
0.100102
0.100102
0.100102
0.100102
0.100102
0.100102
0.100102
0.100102
0.100102
0.100102
0.100102
0.100102
0.100102
0.100102
0.100102
0.100102
0.100102
0.100102
0.100102
0.100102
0.100102
0.100102
0.100102
0.100102
0.100102
0.100102
0.100102
0.100102
0.100102
0.100102
0.100102
0.100102
0.100102
0.100102
0.100102
0.100102
0.100102
0.100102
0.100102
0.100102
0.100102
0.100102
0.100102
0.100102
0.100102
0.100102
0.100102
0.100102
0.100102
0.100102
0.100102
0.100102
0.100102
0.100102
0.100102
0.100102
0.100102
0.100102
0.100102
0.100102
0.100102
0.100102
0.100102
0.100102
0.100102
0.100102
0.100102
0.100102
0.100102
0.100102
0.100102
0.100102
0.100102
0.100102
0.100102
0.100102
0.100102
0.100102
0.100102
0.100102
0.100102
0.100102
0.100102
0.100102
0.100102
0.100102
0.100102
0.100102
0.100102
0.100102
0.100102
0.100102
0.100102
0.100102
0.100102
0.100102
0.100102
0.100102
0.100102
0.100102
0.100102
0.100102
0.100102
0.100102
0.100102
0.100102
0.100102
0.100102
0.100102
0.100102
0.100102
0.100102
0.100102
0.100102
0.100102
0.100102
0.100102
0.100102
0.100102
0.100102
0.100102
0.100102
0.100102
0.100102
0.100102
0.100102
0.100102
0.100102
0.100102
0.100102
0.100102
0.100102
0.100102
0.100102
0.100102
0.100102
0.100102
0.100102
0.100102
0.100102
0.100102
0.100102
0.100102
0.100102
0.100102
0.100102
0.100102
0.100102
0.100102
0.100102
0.100102
0.100102
0.100102
0.100102
0.100102
0.100102
0.100102
0.100102
0.100102
0.100102
0.100102
0.100102
0.100102
0.100102
0.100102
0.100102
0.100102
0.100102
0.100102
0.100102
0.100102
0.100102
0.100102
0.100102
0.100102
0.100102
0.100102
0.100102
0.100102
0.100102
0.100102
0.100102
0.100102
0.100102
0.100102
0.100102
0.100102
0.100102
0.100102
0.100102
0.100102
0.100102
0.100102
0.100102
0.100102
0.100102
0.100102
0.100102
0.100102
0.100102
0.100102
0.100102
0.100102
0.100102
0.100102
0.100102
0.100102
0.100102
0.100102
0.100102
0.100102
0.100102
0.100102
0.100102
0.100102
0.100102
0.100102
0.100102
0.100102
0.100102
0.100102
0.100102
0.100102
0.100102
0.100102
0.100102
0.100102
0.100102
0.100102
0.100102
0.100102
0.100102
0.100102
0.100102
0.100102
0.100102
0.100102
0.100102
0.100102
0.100102
0.100102
0.100102
0.100102
0.100102
0.100102
0.100102
0.100102
0.100102
0.100103
0.100103
0.100103
0.100103
0.100103
0.100103
0.100103
0.100103
0.100103
0.100103
0.100103
0.100103
0.100103
0.100103
0.100103
0.100103
0.100103
0.100103
0.100103
0.100103
0.100103
0.100103
0.100103
0.100103
0.100103
0.100103
0.100103
0.100103
0.100103
0.100103
0.100103
0.100103
0.100103
0.100103
0.100103
0.100103
0.100103
0.100103
0.100103
0.100103
0.100103
0.100103
0.100103
0.100103
0.100103
0.100103
0.100103
0.100103
0.100103
0.100103
0.100103
0.100103
0.100103
0.100103
0.100103
0.100103
0.100103
0.100103
0.100103
0.100103
0.100103
0.100103
0.100103
0.100103
0.100103
0.100103
0.100103
0.100103
0.100103
0.100103
0.100103
0.100103
0.100103
0.100103
0.100103
0.100103
0.100103
0.100103
0.100103
0.100103
0.100103
0.100103
0.100103
0.100103
0.100103
0.100103
0.100103
0.100103
0.100103
0.100103
0.100103
0.100103
0.100103
0.100103
0.100103
0.100103
0.100103
0.100103
0.100103
0.100103
0.100103
0.100103
0.100103
0.100103
0.100103
0.100103
0.100103
0.100103
0.100103
0.100103
0.100103
0.100103
0.100103
0.100103
0.100103
0.100103
0.100103
0.100103
0.100103
0.100103
0.100103
0.100103
0.100103
0.100103
0.100103
0.100103
0.100103
0.100103
0.100103
0.100103
0.100103
0.100103
0.100103
0.100103
0.100103
0.100103
0.100103
0.100103
0.100103
0.100103
0.100103
0.100103
0.100103
0.100103
0.100103
0.100103
0.100103
0.100103
0.100103
0.100103
0.100103
0.100103
0.100103
0.100103
0.100103
0.100103
0.100103
0.100103
0.100103
0.100103
0.100103
0.100103
0.100103
0.100103
0.100103
0.100103
0.100103
0.100103
0.100103
0.100103
0.100103
0.100103
0.100103
0.100103
0.100103
0.100103
0.100103
0.100103
0.100103
0.100103
0.100103
0.100103
0.100103
0.100103
0.100103
0.100103
0.100103
0.100103
0.100103
0.100103
0.100103
0.100103
0.100103
0.100103
0.100103
0.100103
0.100103
0.100103
0.100103
0.100103
0.100103
0.100103
0.100103
0.100103
0.100103
0.100103
0.100103
0.100103
0.100103
0.100103
0.100103
0.100103
0.100103
0.100103
0.100103
0.100103
0.100103
0.100103
0.100103
0.100103
0.100103
0.100103
0.100103
0.100103
0.100103
0.100103
0.100103
0.100103
0.100103
0.100103
0.100103
0.100103
0.100103
0.100103
0.100103
0.100103
0.100103
0.100103
0.100103
0.100103
0.100103
0.100103
0.100103
0.100103
0.100103
0.100103
0.100103
0.100103
0.100103
0.100103
0.100103
0.100103
0.100103
0.100103
0.100103
0.100103
0.100103
0.100103
0.100103
0.100103
0.100103
0.100103
0.100103
0.100103
0.100103
0.100103
0.100103
0.100103
0.100103
0.100103
0.100103
0.100103
0.100103
0.100103
0.100103
0.100103
0.100103
0.100103
0.100103
0.100103
0.100103
0.100103
0.100103
0.100103
0.100103
0.100103
0.100103
0.100103
0.100103
0.100103
0.100103
0.100103
0.100103
0.100103
0.100103
0.100103
0.100103
0.100103
0.100103
0.100103
0.100103
0.100103
0.100103
0.100103
0.100103
0.100103
0.100103
0.100103
0.100103
0.100103
0.100103
0.100103
0.100103
0.100103
0.100103
0.100103
0.100103
0.100103
0.100103
0.100103
0.100103
0.100103
0.100103
0.100103
0.100103
0.100103
0.100103
0.100103
0.100103
0.100103
0.100103
0.100103
0.100103
0.100103
0.100103
0.100103
0.100103
0.100103
0.100103
0.100103
0.100103
0.100103
0.100103
0.100103
0.100103
0.100103
0.100103
0.100103
0.100103
0.100103
0.100103
0.100103
0.100103
0.100103
0.100103
0.100103
0.100103
0.100103
0.100103
0.100103
0.100103
0.100103
0.100103
0.100103
0.100103
0.100103
0.100103
0.100103
0.100103
0.100103
0.100103
0.100103
0.100103
0.100103
0.100103
0.100103
0.100103
0.100103
0.100103
0.100103
0.100103
0.100103
0.100103
0.100103
0.100103
0.100103
0.100103
0.100103
0.100103
0.100103
0.100103
0.100103
0.100103
0.100103
0.100103
0.100103
0.100103
0.100103
0.100103
0.100103
0.100103
0.100103
0.100103
0.100103
0.100103
0.100103
0.100103
0.100103
0.100103
0.100103
0.100103
0.100103
0.100103
0.100103
0.100103
0.100103
0.100103
0.100103
0.100103
0.100103
0.100103
0.100103
0.100103
0.100103
0.100103
0.100103
0.100103
0.100103
0.100103
0.100103
0.100103
0.100103
0.100103
0.100103
0.100103
0.100103
0.100103
0.100103
0.100103
0.100103
0.100103
0.100103
0.100103
0.100103
0.100103
0.100103
0.100103
0.100103
0.100103
0.100103
0.100103
0.100103
0.100103
0.100103
0.100103
0.100103
0.100103
0.100103
0.100103
0.100103
0.100103
0.100103
0.100103
0.100103
0.100103
0.100103
0.100103
0.100103
0.100103
0.100103
0.100103
0.100103
0.100103
0.100103
0.100103
0.100103
0.100103
0.100103
0.100103
0.100103
0.100103
0.100103
0.100103
0.100103
0.100103
0.100103
0.100103
0.100103
0.100103
0.100103
0.100103
0.100103
0.100103
0.100103
0.100103
0.100103
0.100103
0.100103
0.100103
0.100103
0.100103
0.100103
0.100103
0.100103
0.100103
0.100103
0.100103
0.100103
0.100103
0.100103
0.100103
0.100103
0.100103
0.100103
0.100103
0.100103
0.100103
0.100103
0.100103
0.100103
0.100103
0.100103
0.100103
0.100103
0.100103
0.100103
0.100103
0.100103
0.100103
0.100103
0.100103
0.100103
0.100103
0.100103
0.100103
0.100103
0.100103
0.100103
0.100103
0.100103
0.100103
0.100103
0.100103
0.100103
0.100103
0.100103
0.100103
0.100103
0.100103
0.100103
0.100103
0.100103
0.100103
0.100103
0.100103
0.100103
0.100103
0.100103
0.100103
0.100103
0.100103
0.100103
0.100103
0.100103
0.100103
0.100103
0.100103
0.100103
0.100103
0.100103
0.100103
0.100103
0.100103
0.100103
0.100103
0.100103
0.100103
0.100103
0.100103
0.100103
0.100103
0.100103
0.100103
0.100103
0.100103
0.100103
0.100103
0.100103
0.100103
0.100103
0.100103
0.100103
0.100103
0.100104
0.100104
0.100104
0.100104
0.100104
0.100104
0.100104
0.100104
0.100104
0.100104
0.100104
0.100104
0.100104
0.100104
0.100104
0.100104
0.100104
0.100104
0.100104
0.100104
0.100104
0.100104
0.100104
0.100104
0.100104
0.100104
0.100104
0.100104
0.100104
0.100104
0.100104
0.100104
0.100104
0.100104
0.100104
0.100104
0.100104
0.100104
0.100104
0.100104
0.100104
0.100104
0.100104
0.100104
0.100104
0.100104
0.100104
0.100104
0.100104
0.100104
0.100104
0.100104
0.100104
0.100104
0.100104
0.100104
0.100104
0.100104
0.100104
0.100104
0.100104
0.100104
0.100104
0.100104
0.100104
0.100104
0.100104
0.100104
0.100104
0.100104
0.100104
0.100104
0.100104
0.100104
0.100104
0.100104
0.100104
0.100104
0.100104
0.100104
0.100104
0.100104
0.100104
0.100104
0.100104
0.100104
0.100104
0.100104
0.100104
0.100104
0.100104
0.100104
0.100104
0.100104
0.100104
0.100104
0.100104
0.100104
0.100104
0.100104
0.100104
0.100104
0.100104
0.100104
0.100104
0.100104
0.100104
0.100104
0.100104
0.100104
0.100104
0.100104
0.100104
0.100104
0.100104
0.100104
0.100104
0.100104
0.100104
0.100104
0.100104
0.100104
0.100104
0.100104
0.100104
0.100104
0.100104
0.100104
0.100104
0.100104
0.100104
0.100104
0.100104
0.100104
0.100104
0.100104
0.100104
0.100104
0.100104
0.100104
0.100104
0.100104
0.100104
0.100104
0.100104
0.100104
0.100104
0.100104
0.100104
0.100104
0.100104
0.100104
0.100104
0.100104
0.100104
0.100104
0.100104
0.100104
0.100104
0.100104
0.100104
0.100104
0.100104
0.100104
0.100104
0.100104
0.100104
0.100104
0.100104
0.100104
0.100104
0.100104
0.100104
0.100104
0.100104
0.100104
0.100104
0.100104
0.100104
0.100104
0.100104
0.100104
0.100104
0.100104
0.100104
0.100104
0.100104
0.100104
0.100104
0.100104
0.100104
0.100104
0.100104
0.100104
0.100104
0.100104
0.100104
0.100104
0.100104
0.100104
0.100104
0.100104
0.100104
0.100104
0.100104
0.100104
0.100104
0.100104
0.100104
0.100104
0.100104
0.100104
0.100104
0.100104
0.100104
0.100104
0.100104
0.100104
0.100104
0.100104
0.100104
0.100104
0.100104
0.100104
0.100104
0.100104
0.100104
0.100104
0.100104
0.100104
0.100104
0.100104
0.100104
0.100104
0.100104
0.100104
0.100104
0.100104
0.100104
0.100104
0.100104
0.100104
0.100104
0.100104
0.100104
0.100104
0.100104
0.100104
0.100104
0.100104
0.100104
0.100104
0.100104
0.100104
0.100104
0.100104
0.100104
0.100104
0.100104
0.100104
0.100104
0.100104
0.100104
0.100104
0.100104
0.100104
0.100104
0.100104
0.100104
0.100104
0.100104
0.100104
0.100104
0.100104
0.100104
0.100104
0.100104
0.100104
0.100104
0.100104
0.100104
0.100104
0.100104
0.100104
0.100104
0.100104
0.100104
0.100104
0.100104
0.100104
0.100104
0.100104
0.100104
0.100104
0.100104
0.100104
0.100104
0.100104
0.100104
0.100104
0.100104
0.100104
0.100104
0.100104
0.100104
0.100104
0.100104
0.100104
0.100104
0.100104
0.100104
0.100104
0.100104
0.100104
0.100104
0.100104
0.100104
0.100104
0.100104
0.100104
0.100104
0.100104
0.100104
0.100104
0.100104
0.100104
0.100104
0.100104
0.100104
0.100104
0.100104
0.100104
0.100104
0.100104
0.100104
0.100104
0.100104
0.100104
0.100104
0.100104
0.100104
0.100104
0.100104
0.100104
0.100104
0.100104
0.100104
0.100104
0.100104
0.100104
0.100104
0.100104
0.100104
0.100104
0.100104
0.100104
0.100104
0.100104
0.100104
0.100104
0.100104
0.100104
0.100104
0.100104
0.100104
0.100104
0.100104
0.100104
0.100104
0.100104
0.100104
0.100104
0.100104
0.100104
0.100104
0.100104
0.100104
0.100104
0.100104
0.100104
0.100104
0.100104
0.100104
0.100104
0.100104
0.100104
0.100104
0.100104
0.100104
0.100104
0.100104
0.100104
0.100104
0.100104
0.100104
0.100104
0.100104
0.100104
0.100104
0.100104
0.100105
0.100105
0.100105
0.100105
0.100105
0.100105
0.100105
0.100105
0.100105
0.100105
0.100105
0.100105
0.100105
0.100105
0.100105
0.100105
0.100105
0.100105
0.100105
0.100105
0.100105
0.100105
0.100105
0.100105
0.100105
0.100105
0.100105
0.100105
0.100105
0.100105
0.100105
0.100105
0.100105
0.100105
0.100105
0.100105
0.100105
0.100105
0.100105
0.100105
0.100105
0.100105
0.100105
0.100105
0.100105
0.100105
0.100105
0.100105
0.100105
0.100105
0.100105
0.100105
0.100105
0.100105
0.100105
0.100105
0.100105
0.100105
0.100105
0.100105
0.100105
0.100105
0.100105
0.100105
0.100105
0.100105
0.100105
0.100105
0.100105
0.100105
0.100105
0.100105
0.100105
0.100105
0.100105
0.100105
0.100105
0.100105
0.100105
0.100105
0.100105
0.100105
0.100105
0.100105
0.100105
0.100105
0.100105
0.100105
0.100105
0.100105
0.100105
0.100105
0.100105
0.100105
0.100105
0.100105
0.100105
0.100105
0.100105
0.100105
0.100105
0.100105
0.100105
0.100105
0.100105
0.100105
0.100105
0.100105
0.100105
0.100105
0.100105
0.100105
0.100105
0.100105
0.100105
0.100105
0.100105
0.100105
0.100105
0.100105
0.100105
0.100105
0.100105
0.100105
0.100105
0.100105
0.100105
0.100105
0.100105
0.100105
0.100105
0.100105
0.100105
0.100105
0.100105
0.100105
0.100105
0.100105
0.100105
0.100105
0.100105
0.100105
0.100105
0.100105
0.100105
0.100105
0.100105
0.100105
0.100105
0.100105
0.100105
0.100105
0.100105
0.100105
0.100105
0.100105
0.100105
0.100105
0.100105
0.100105
0.100105
0.100105
0.100105
0.100105
0.100105
0.100105
0.100105
0.100105
0.100105
0.100105
0.100105
0.100105
0.100105
0.100105
0.100105
0.100105
0.100105
0.100105
0.100105
0.100105
0.100105
0.100105
0.100105
0.100105
0.100105
0.100105
0.100105
0.100105
0.100105
0.100105
0.100105
0.100105
0.100105
0.100105
0.100105
0.100105
0.100105
0.100105
0.100105
0.100105
0.100105
0.100105
0.100105
0.100105
0.100105
0.100105
0.100105
0.100105
0.100105
0.100105
0.100105
0.100105
0.100105
0.100105
0.100105
0.100105
0.100105
0.100105
0.100105
0.100105
0.100105
0.100105
0.100105
0.100105
0.100105
0.100105
0.100105
0.100105
0.100105
0.100105
0.100105
0.100105
0.100105
0.100105
0.100105
0.100105
0.100105
0.100105
0.100105
0.100105
0.100105
0.100105
0.100105
0.100105
0.100105
0.100105
0.100105
0.100105
0.100105
0.100105
0.100105
0.100105
0.100105
0.100105
0.100105
0.100105
0.100105
0.100105
0.100105
0.100105
0.100105
0.100105
0.100105
0.100105
0.100105
0.100105
0.100105
0.100105
0.100105
0.100105
0.100105
0.100105
0.100105
0.100105
0.100105
0.100105
0.100105
0.100105
0.100105
0.100105
0.100105
0.100105
0.100105
0.100105
0.100105
0.100105
0.100105
0.100105
0.100105
0.100105
0.100105
0.100105
0.100105
0.100105
0.100105
0.100105
0.100105
0.100105
0.100105
0.100105
0.100105
0.100105
0.100105
0.100105
0.100105
0.100105
0.100105
0.100105
0.100105
0.100105
0.100105
0.100105
0.100105
0.100105
0.100105
0.100105
0.100105
0.100105
0.100105
0.100105
0.100105
0.100105
0.100105
0.100106
0.100106
0.100106
0.100106
0.100106
0.100106
0.100106
0.100106
0.100106
0.100106
0.100106
0.100106
0.100106
0.100106
0.100106
0.100106
0.100106
0.100106
0.100106
0.100106
0.100106
0.100106
0.100106
0.100106
0.100106
0.100106
0.100106
0.100106
0.100106
0.100106
0.100106
0.100106
0.100106
0.100106
0.100106
0.100106
0.100106
0.100106
0.100106
0.100106
0.100106
0.100106
0.100106
0.100106
0.100106
0.100106
0.100106
0.100106
0.100106
0.100106
0.100106
0.100106
0.100106
0.100106
0.100106
0.100106
0.100106
0.100106
0.100106
0.100106
0.100106
0.100106
0.100106
0.100106
0.100106
0.100106
0.100106
0.100106
0.100106
0.100106
0.100106
0.100106
0.100106
0.100106
0.100106
0.100106
0.100106
0.100106
0.100106
0.100106
0.100106
0.100106
0.100106
0.100106
0.100106
0.100106
0.100106
0.100106
0.100106
0.100106
0.100106
0.100106
0.100106
0.100106
0.100106
0.100106
0.100106
0.100106
0.100106
0.100106
0.100106
0.100106
0.100106
0.100106
0.100106
0.100106
0.100106
0.100106
0.100106
0.100106
0.100106
0.100106
0.100106
0.100106
0.100106
0.100106
0.100106
0.100106
0.100106
0.100106
0.100106
0.100106
0.100106
0.100106
0.100106
0.100106
0.100106
0.100106
0.100106
0.100106
0.100106
0.100106
0.100106
0.100106
0.100106
0.100106
0.100106
0.100106
0.100106
0.100106
0.100106
0.100106
0.100106
0.100106
0.100106
0.100106
0.100106
0.100106
0.100106
0.100106
0.100106
0.100106
0.100106
0.100106
0.100106
0.100106
0.100106
0.100106
0.100106
0.100106
0.100106
0.100106
0.100106
0.100106
0.100106
0.100106
0.100106
0.100106
0.100106
0.100106
0.100106
0.100106
0.100106
0.100106
0.100106
0.100106
0.100106
0.100106
0.100106
0.100106
0.100106
0.100106
0.100106
0.100106
0.100106
0.100106
0.100106
0.100106
0.100106
0.100106
0.100106
0.100106
0.100106
0.100106
0.100106
0.100106
0.100106
0.100106
0.100106
0.100106
0.100106
0.100106
0.100106
0.100106
0.100106
0.100106
0.100106
0.100106
0.100106
0.100107
0.100107
0.100107
0.100107
0.100107
0.100107
0.100107
0.100107
0.100107
0.100107
0.100107
0.100107
0.100107
0.100107
0.100107
0.100107
0.100107
0.100107
0.100107
0.100107
0.100107
0.100107
0.100107
0.100107
0.100107
0.100107
0.100107
0.100107
0.100107
0.100107
0.100107
0.100107
0.100107
0.100107
0.100107
0.100107
0.100107
0.100107
0.100107
0.100107
0.100107
0.100107
0.100107
0.100107
0.100107
0.100107
0.100107
0.100107
0.100107
0.100107
0.100107
0.100107
0.100107
0.100107
0.100107
0.100107
0.100107
0.100107
0.100107
0.100107
0.100107
0.100107
0.100107
0.100107
0.100107
0.100107
0.100107
0.100107
0.100107
0.100107
0.100107
0.100107
0.100107
0.100107
0.100107
0.100107
0.100107
0.100107
0.100107
0.100107
0.100107
0.100107
0.100107
0.100107
0.100107
0.100107
0.100107
0.100107
0.100107
0.100107
0.100107
0.100107
0.100107
0.100107
0.100107
0.100107
0.100107
0.100107
0.100107
0.100107
0.100107
0.100107
0.100107
0.100107
0.100107
0.100107
0.100107
0.100107
0.100107
0.100107
0.100107
0.100107
0.100107
0.100107
0.100107
0.100107
0.100107
0.100107
0.100107
0.100107
0.100107
0.100107
0.100107
0.100107
0.100107
0.100107
0.100107
0.100107
0.100107
0.100107
0.100107
0.100107
0.100108
0.100108
0.100108
0.100108
0.100108
0.100108
0.100108
0.100108
0.100108
0.100108
0.100108
0.100108
0.100108
0.100108
0.100108
0.100108
0.100108
0.100108
0.100108
0.100108
0.100108
0.100108
0.100108
0.100108
0.100108
0.100108
0.100108
0.100108
0.100108
0.100108
0.100108
0.100108
0.100108
0.100108
0.100108
0.100108
0.100108
0.100108
0.100108
0.100108
0.100108
0.100108
0.100108
0.100108
0.100108
0.100108
0.100108
0.100108
0.100108
0.100108
0.100108
0.100108
0.100108
0.100108
0.100108
0.100108
0.100108
0.100108
0.100108
0.100108
0.100108
0.100108
0.100108
0.100108
0.100108
0.100108
0.100108
0.100108
0.100108
0.100108
0.100108
0.100108
0.100108
0.100108
0.100108
0.100108
0.100108
0.100108
0.100108
0.100108
0.100108
0.100108
0.100108
0.100108
0.100108
0.100108
0.100108
0.100108
0.100108
0.100108
0.100108
0.100109
0.100109
0.100109
0.100109
0.100109
0.100109
0.100109
0.100109
0.100109
0.100109
0.100109
0.100109
0.100109
0.100109
0.100109
0.100109
0.100109
0.100109
0.100109
0.100109
0.100109
0.100109
0.100109
0.100109
0.100109
0.100109
0.100109
0.100109
0.100109
0.100109
0.100109
0.100109
0.100109
0.100109
0.100109
0.100109
0.100109
0.100109
0.100109
0.100109
0.100109
0.100109
0.100109
0.100109
0.100109
0.100109
0.100109
0.100109
0.100109
0.100109
0.100109
0.100109
0.100109
0.100109
0.100109
0.100109
0.100109
0.100109
0.100109
0.100109
0.100109
0.100109
0.100109
0.100109
0.100109
0.100109
0.100109
0.100109
0.100109
0.100109
0.100109
0.100109
0.100109
0.100109
0.100109
0.100109
0.100109
0.100109
0.100109
0.100109
0.100109
0.100109
0.100109
0.100109
0.100109
0.100109
0.100109
0.100109
0.100109
0.100109
0.100109
0.100109
0.100109
0.100109
0.100109
0.100109
0.100109
0.100109
0.100109
0.100109
0.100109
0.100109
0.100109
0.100109
0.100109
0.100109
0.100109
0.100109
0.100109
0.100109
0.100109
0.100109
0.100110
0.100110
0.100110
0.100110
0.100110
0.100110
0.100110
0.100110
0.100110
0.100110
0.100110
0.100110
0.100110
0.100110
0.100110
0.100110
0.100110
0.100110
0.100110
0.100110
0.100110
0.100110
0.100110
0.100110
0.100110
0.100110
0.100110
0.100110
0.100110
0.100110
0.100110
0.100110
0.100110
0.100110
0.100110
0.100110
0.100110
0.100110
0.100110
0.100110
0.100110
0.100110
0.100110
0.100110
0.100110
0.100110
0.100110
0.100110
0.100110
0.100110
0.100110
0.100110
0.100110
0.100110
0.100110
0.100110
0.100110
0.100110
0.100110
0.100110
0.100110
0.100110
0.100110
0.100110
0.100110
0.100110
0.100110
0.100110
0.100110
0.100110
0.100110
0.100110
0.100110
0.100110
0.100110
0.100110
0.100110
0.100110
0.100110
0.100110
0.100110
0.100110
0.100110
0.100110
0.100110
0.100110
0.100110
0.100110
0.100110
0.100110
0.100110
0.100110
0.100110
0.100110
0.100110
0.100110
0.100110
0.100110
0.100110
0.100110
0.100110
0.100110
0.100110
0.100110
0.100110
0.100110
0.100110
0.100110
0.100110
0.100110
0.100110
0.100110
0.100110
0.100110
0.100110
0.100110
0.100110
0.100110
0.100110
0.100110
0.100110
0.100110
0.100110
0.100110
0.100110
0.100110
0.100110
0.100110
0.100110
0.100110
0.100110
0.100110
0.100110
0.100110
0.100110
0.100110
0.100110
0.100110
0.100110
0.100110
0.100110
0.100110
0.100110
0.100110
0.100110
0.100110
0.100110
0.100110
0.100110
0.100110
0.100110
0.100110
0.100110
0.100110
0.100110
0.100110
0.100110
0.100110
0.100111
0.100111
0.100111
0.100111
0.100111
0.100111
0.100111
0.100111
0.100111
0.100111
0.100111
0.100111
0.100111
0.100111
0.100111
0.100111
0.100111
0.100111
0.100111
0.100111
0.100111
0.100111
0.100111
0.100111
0.100111
0.100111
0.100111
0.100111
0.100111
0.100111
0.100111
0.100111
0.100111
0.100111
0.100111
0.100111
0.100111
0.100111
0.100111
0.100111
0.100111
0.100111
0.100111
0.100111
0.100111
0.100111
0.100111
0.100111
0.100111
0.100111
0.100111
0.100111
0.100111
0.100111
0.100111
0.100111
0.100111
0.100111
0.100111
0.100111
0.100111
0.100111
0.100111
0.100111
0.100111
0.100111
0.100111
0.100111
0.100111
0.100111
0.100111
0.100111
0.100111
0.100111
0.100111
0.100111
0.100111
0.100111
0.100111
0.100111
0.100111
0.100111
0.100111
0.100111
0.100111
0.100111
0.100111
0.100111
0.100111
0.100111
0.100111
0.100111
0.100111
0.100111
0.100111
0.100111
0.100111
0.100111
0.100111
0.100111
0.100111
0.100111
0.100111
0.100111
0.100111
0.100111
0.100111
0.100111
0.100111
0.100111
0.100111
0.100111
0.100111
0.100111
0.100111
0.100111
0.100111
0.100111
0.100111
0.100111
0.100111
0.100111
0.100111
0.100111
0.100111
0.100111
0.100111
0.100111
0.100111
0.100111
0.100111
0.100111
0.100111
0.100111
0.100111
0.100111
0.100111
0.100111
0.100111
0.100111
0.100111
0.100111
0.100111
0.100111
0.100111
0.100111
0.100111
0.100111
0.100111
0.100111
0.100112
0.100112
0.100112
0.100112
0.100112
0.100112
0.100112
0.100112
0.100112
0.100112
0.100112
0.100112
0.100112
0.100112
0.100112
0.100112
0.100112
0.100112
0.100112
0.100112
0.100112
0.100112
0.100112
0.100112
0.100112
0.100112
0.100112
0.100112
0.100112
0.100112
0.100112
0.100112
0.100112
0.100112
0.100112
0.100112
0.100112
0.100112
0.100112
0.100112
0.100112
0.100112
0.100112
0.100112
0.100112
0.100112
0.100112
0.100112
0.100112
0.100112
0.100112
0.100112
0.100112
0.100112
0.100112
0.100112
0.100112
0.100112
0.100112
0.100112
0.100112
0.100112
0.100112
0.100112
0.100112
0.100112
0.100112
0.100112
0.100112
0.100112
0.100112
0.100112
0.100112
0.100112
0.100112
0.100112
0.100112
0.100112
0.100112
0.100112
0.100112
0.100112
0.100112
0.100112
0.100112
0.100112
0.100112
0.100112
0.100112
0.100112
0.100112
0.100112
0.100112
0.100112
0.100112
0.100112
0.100112
0.100112
0.100112
0.100112
0.100112
0.100112
0.100112
0.100112
0.100112
0.100112
0.100112
0.100112
0.100112
0.100112
0.100112
0.100112
0.100112
0.100112
0.100112
0.100112
0.100112
0.100112
0.100112
0.100112
0.100112
0.100112
0.100112
0.100112
0.100112
0.100112
0.100112
0.100112
0.100112
0.100112
0.100112
0.100112
0.100112
0.100112
0.100112
0.100112
0.100112
0.100113
0.100113
0.100113
0.100113
0.100113
0.100113
0.100113
0.100113
0.100113
0.100113
0.100113
0.100113
0.100113
0.100113
0.100113
0.100113
0.100113
0.100113
0.100113
0.100113
0.100113
0.100113
0.100113
0.100113
0.100113
0.100113
0.100113
0.100113
0.100113
0.100113
0.100113
0.100113
0.100113
0.100113
0.100113
0.100113
0.100113
0.100113
0.100113
0.100113
0.100113
0.100113
0.100113
0.100113
0.100113
0.100113
0.100113
0.100113
0.100113
0.100113
0.100113
0.100113
0.100113
0.100113
0.100113
0.100113
0.100113
0.100113
0.100113
0.100113
0.100113
0.100113
0.100113
0.100113
0.100113
0.100113
0.100113
0.100113
0.100113
0.100113
0.100113
0.100113
0.100113
0.100113
0.100113
0.100113
0.100113
0.100113
0.100113
0.100113
0.100113
0.100113
0.100113
0.100113
0.100113
0.100113
0.100113
0.100113
0.100113
0.100113
0.100113
0.100113
0.100113
0.100113
0.100113
0.100113
0.100113
0.100113
0.100113
0.100113
0.100113
0.100113
0.100113
0.100113
0.100113
0.100113
0.100113
0.100113
0.100113
0.100113
0.100113
0.100113
0.100113
0.100113
0.100113
0.100113
0.100113
0.100113
0.100113
0.100113
0.100113
0.100113
0.100113
0.100113
0.100113
0.100113
0.100113
0.100113
0.100113
0.100113
0.100113
0.100113
0.100113
0.100113
0.100113
0.100113
0.100113
0.100113
0.100113
0.100113
0.100113
0.100113
0.100113
0.100113
0.100113
0.100113
0.100113
0.100113
0.100113
0.100113
0.100113
0.100113
0.100113
0.100113
0.100113
0.100113
0.100113
0.100113
0.100113
0.100113
0.100114
0.100114
0.100114
0.100114
0.100114
0.100114
0.100114
0.100114
0.100114
0.100114
0.100114
0.100114
0.100114
0.100114
0.100114
0.100114
0.100114
0.100114
0.100114
0.100114
0.100114
0.100114
0.100114
0.100114
0.100114
0.100114
0.100114
0.100114
0.100114
0.100114
0.100114
0.100114
0.100114
0.100114
0.100114
0.100114
0.100114
0.100114
0.100114
0.100114
0.100114
0.100114
0.100114
0.100114
0.100114
0.100114
0.100114
0.100114
0.100114
0.100114
0.100114
0.100114
0.100114
0.100114
0.100114
0.100114
0.100114
0.100114
0.100114
0.100114
0.100114
0.100114
0.100114
0.100114
0.100114
0.100114
0.100114
0.100114
0.100114
0.100114
0.100114
0.100114
0.100114
0.100114
0.100114
0.100114
0.100114
0.100114
0.100114
0.100114
0.100114
0.100114
0.100114
0.100114
0.100114
0.100114
0.100114
0.100114
0.100114
0.100114
0.100114
0.100114
0.100114
0.100114
0.100114
0.100114
0.100114
0.100114
0.100114
0.100114
0.100114
0.100114
0.100114
0.100114
0.100114
0.100114
0.100114
0.100114
0.100114
0.100114
0.100114
0.100115
0.100115
0.100115
0.100115
0.100115
0.100115
0.100115
0.100115
0.100115
0.100115
0.100115
0.100115
0.100115
0.100115
0.100115
0.100115
0.100115
0.100115
0.100115
0.100115
0.100115
0.100115
0.100115
0.100115
0.100115
0.100115
0.100115
0.100115
0.100115
0.100115
0.100115
0.100115
0.100115
0.100115
0.100115
0.100115
0.100115
0.100115
0.100115
0.100115
0.100115
0.100115
0.100115
0.100115
0.100115
0.100115
0.100115
0.100115
0.100115
0.100115
0.100115
0.100115
0.100115
0.100115
0.100115
0.100115
0.100115
0.100115
0.100115
0.100115
0.100115
0.100115
0.100115
0.100115
0.100115
0.100115
0.100115
0.100115
0.100115
0.100116
0.100116
0.100116
0.100116
0.100116
0.100116
0.100116
0.100116
0.100116
0.100116
0.100116
0.100116
0.100116
0.100116
0.100116
0.100116
0.100116
0.100116
0.100116
0.100116
0.100116
0.100116
0.100116
0.100116
0.100116
0.100116
0.100116
0.100116
0.100116
0.100116
0.100116
0.100116
0.100116
0.100116
0.100116
0.100116
0.100116
0.100116
0.100116
0.100117
0.100117
0.100117
0.100117
0.100117
0.100117
0.100117
0.100117
0.100117
0.100117
0.100117
0.100117
0.100117
0.100118
0.100118
0.100118
0.100118
0.100118
0.100118
0.100118
0.100118
0.100118
0.100118
0.100118
0.100119
0.100119
0.100119
0.100119
0.100119
0.100119
0.100119
0.100119
0.100119
0.100119
0.100119
0.100120
0.100120
0.100120
0.100120
0.100120
0.100120
0.100120
0.100121
0.100121
0.100121
0.100121
0.100122
0.100122
0.100122
0.100122
0.100123
0.100123
0.100123
0.100123
0.100123
0.100123
0.100123
0.100124
0.100124
0.100124
0.100124
0.100124
0.100124
0.100124
0.100124
0.100124
0.100125
0.100125
0.100125
0.100125
0.100125
0.100126
0.100126
0.100126
0.100126
0.100126
0.100127
0.100127
0.100127
0.100127
0.100128
0.100128
0.100129
0.100129
0.100129
0.100129
0.100130
0.100131
0.100131
0.100131
0.100132
0.100132
0.100132
0.100133
0.100133
0.100133
0.100133
0.100133
0.100133
0.100133
0.100134
0.100134
0.100134
0.100134
0.100134
0.100134
0.100134
0.100134
0.100134
0.100135
0.100135
0.100135
0.100136
0.100136
0.100136
0.100136
0.100136
0.100137
0.100137
0.100138
0.100138
0.100141
0.100141
0.100141
0.100141
0.100142
0.100143
0.100144
0.100145
0.100145
0.100145
0.100146
0.100146
0.100147
0.100148
0.100149
0.100149
0.100150
0.100152
0.100157
0.100157
0.100158
0.100162
0.100163
0.100164
0.100166
0.100167
0.100168
0.100169
0.100177
0.100178
0.100188
0.100191
0.100192
0.100192
0.100193
0.100194
0.100194
0.100195
0.100199
0.100200
0.100208
0.100210
0.100210
0.100210
0.100212
0.100213
0.100213
0.100217
0.100218
0.100219
0.100219
0.100219
0.100220
0.100220
0.100220
0.100221
0.100221
0.100221
0.100222
0.100224
0.100227
0.100228
0.100230
0.100230
0.100231
0.100232
0.100233
0.100234
0.100235
0.100238
0.100239
0.100240
0.100241
0.100241
0.100242
0.100244
0.100245
0.100245
0.100247
0.100248
0.100249
0.100251
0.100252
0.100253
0.100254
0.100255
0.100255
0.100255
0.100255
0.100257
0.100259
0.100260
0.100260
0.100262
0.100262
0.100263
0.100264
0.100264
0.100265
0.100266
0.100268
0.100269
0.100270
0.100271
0.100280
0.100286
0.100298
0.100307
0.100345
0.100347
0.100354
0.100366
0.100375
0.100403
0.100460
0.100460
0.100465
Minimum: 0.100062
Maximum: 0.100465
Mean: 0.100106
Median: 0.100102
Standard Deviation: 0.000020
