0.100060
0.100062
0.100064
0.100066
0.100066
0.100067
0.100069
0.100072
0.100079
0.100079
0.100080
0.100081
0.100081
0.100083
0.100084
0.100085
0.100085
0.100086
0.100086
0.100086
0.100087
0.100087
0.100087
0.100087
0.100087
0.100087
0.100087
0.100088
0.100088
0.100088
0.100088
0.100089
0.100090
0.100092
0.100092
0.100092
0.100093
0.100093
0.100093
0.100093
0.100094
0.100094
0.100094
0.100094
0.100095
0.100095
0.100095
0.100095
0.100095
0.100095
0.100095
0.100095
0.100095
0.100095
0.100095
0.100095
0.100096
0.100096
0.100096
0.100096
0.100096
0.100096
0.100096
0.100096
0.100096
0.100096
0.100096
0.100096
0.100096
0.100097
0.100097
0.100097
0.100097
0.100097
0.100097
0.100097
0.100097
0.100097
0.100097
0.100097
0.100097
0.100097
0.100097
0.100097
0.100097
0.100097
0.100097
0.100097
0.100097
0.100097
0.100097
0.100097
0.100097
0.100097
0.100097
0.100097
0.100097
0.100097
0.100097
0.100097
0.100097
0.100097
0.100097
0.100097
0.100097
0.100097
0.100097
0.100097
0.100097
0.100097
0.100097
0.100097
0.100097
0.100097
0.100097
0.100097
0.100097
0.100097
0.100098
0.100098
0.100098
0.100098
0.100098
0.100098
0.100098
0.100098
0.100098
0.100098
0.100098
0.100098
0.100098
0.100098
0.100098
0.100098
0.100098
0.100098
0.100098
0.100098
0.100098
0.100098
0.100098
0.100098
0.100098
0.100098
0.100098
0.100098
0.100098
0.100098
0.100098
0.100098
0.100098
0.100098
0.100098
0.100098
0.100098
0.100098
0.100098
0.100098
0.100098
0.100098
0.100098
0.100098
0.100098
0.100098
0.100098
0.100098
0.100098
0.100098
0.100098
0.100098
0.100098
0.100098
0.100098
0.100098
0.100098
0.100098
0.100098
0.100098
0.100098
0.100098
0.100098
0.100098
0.100098
0.100098
0.100098
0.100098
0.100098
0.100098
0.100098
0.100098
0.100098
0.100098
0.100098
0.100098
0.100098
0.100098
0.100098
0.100098
0.100098
0.100098
0.100098
0.100098
0.100098
0.100098
0.100098
0.100098
0.100098
0.100098
0.100098
0.100098
0.100098
0.100098
0.100098
0.100098
0.100098
0.100098
0.100098
0.100098
0.100098
0.100098
0.100098
0.100098
0.100098
0.100098
0.100098
0.100098
0.100098
0.100098
0.100098
0.100098
0.100098
0.100098
0.100098
0.100098
0.100098
0.100098
0.100098
0.100098
0.100098
0.100098
0.100098
0.100098
0.100098
0.100098
0.100098
0.100098
0.100098
0.100098
0.100098
0.100098
0.100098
0.100098
0.100098
0.100098
0.100098
0.100098
0.100098
0.100098
0.100098
0.100098
0.100098
0.100098
0.100098
0.100098
0.100098
0.100098
0.100098
0.100098
0.100098
0.100098
0.100098
0.100098
0.100098
0.100098
0.100098
0.100098
0.100098
0.100098
0.100098
0.100098
0.100098
0.100098
0.100098
0.100098
0.100098
0.100098
0.100098
0.100098
0.100098
0.100098
0.100098
0.100098
0.100098
0.100098
0.100098
0.100098
0.100098
0.100098
0.100098
0.100098
0.100098
0.100098
0.100098
0.100098
0.100098
0.100098
0.100098
0.100098
0.100098
0.100098
0.100098
0.100098
0.100098
0.100098
0.100098
0.100098
0.100098
0.100098
0.100098
0.100098
0.100098
0.100098
0.100098
0.100098
0.100098
0.100098
0.100098
0.100098
0.100098
0.100098
0.100098
0.100098
0.100098
0.100098
0.100098
0.100098
0.100098
0.100098
0.100098
0.100098
0.100098
0.100098
0.100098
0.100098
0.100098
0.100098
0.100098
0.100098
0.100098
0.100098
0.100098
0.100098
0.100098
0.100098
0.100098
0.100098
0.100098
0.100098
0.100098
0.100098
0.100098
0.100099
0.100099
0.100099
0.100099
0.100099
0.100099
0.100099
0.100099
0.100099
0.100099
0.100099
0.100099
0.100099
0.100099
0.100099
0.100099
0.100099
0.100099
0.100099
0.100099
0.100099
0.100099
0.100099
0.100099
0.100099
0.100099
0.100099
0.100099
0.100099
0.100099
0.100099
0.100099
0.100099
0.100099
0.100099
0.100099
0.100099
0.100099
0.100099
0.100099
0.100099
0.100099
0.100099
0.100099
0.100099
0.100099
0.100099
0.100099
0.100099
0.100099
0.100099
0.100099
0.100099
0.100099
0.100099
0.100099
0.100099
0.100099
0.100099
0.100099
0.100099
0.100099
0.100099
0.100099
0.100099
0.100099
0.100099
0.100099
0.100099
0.100099
0.100099
0.100099
0.100099
0.100099
0.100099
0.100099
0.100099
0.100099
0.100099
0.100099
0.100099
0.100099
0.100099
0.100099
0.100099
0.100099
0.100099
0.100099
0.100099
0.100099
0.100099
0.100099
0.100099
0.100099
0.100099
0.100099
0.100099
0.100099
0.100099
0.100099
0.100099
0.100099
0.100099
0.100099
0.100099
0.100099
0.100099
0.100099
0.100099
0.100099
0.100099
0.100099
0.100099
0.100099
0.100099
0.100099
0.100099
0.100099
0.100099
0.100099
0.100099
0.100099
0.100099
0.100099
0.100099
0.100099
0.100099
0.100099
0.100099
0.100099
0.100099
0.100099
0.100099
0.100099
0.100099
0.100099
0.100099
0.100099
0.100099
0.100099
0.100099
0.100099
0.100099
0.100099
0.100099
0.100099
0.100099
0.100099
0.100099
0.100099
0.100099
0.100099
0.100099
0.100099
0.100099
0.100099
0.100099
0.100099
0.100099
0.100099
0.100099
0.100099
0.100099
0.100099
0.100099
0.100099
0.100099
0.100099
0.100099
0.100099
0.100099
0.100099
0.100099
0.100099
0.100099
0.100099
0.100099
0.100099
0.100099
0.100099
0.100099
0.100099
0.100099
0.100099
0.100099
0.100099
0.100099
0.100099
0.100099
0.100099
0.100099
0.100099
0.100099
0.100099
0.100099
0.100099
0.100099
0.100099
0.100099
0.100099
0.100099
0.100099
0.100099
0.100099
0.100099
0.100099
0.100099
0.100099
0.100099
0.100099
0.100099
0.100099
0.100099
0.100099
0.100099
0.100099
0.100099
0.100099
0.100099
0.100099
0.100099
0.100099
0.100099
0.100099
0.100099
0.100099
0.100099
0.100099
0.100099
0.100099
0.100099
0.100099
0.100099
0.100099
0.100099
0.100099
0.100099
0.100099
0.100099
0.100099
0.100099
0.100099
0.100099
0.100099
0.100099
0.100099
0.100099
0.100099
0.100099
0.100099
0.100099
0.100099
0.100099
0.100099
0.100099
0.100099
0.100099
0.100099
0.100099
0.100099
0.100099
0.100099
0.100099
0.100099
0.100099
0.100099
0.100099
0.100099
0.100099
0.100099
0.100099
0.100099
0.100099
0.100099
0.100099
0.100099
0.100099
0.100099
0.100099
0.100099
0.100099
0.100099
0.100099
0.100099
0.100099
0.100099
0.100099
0.100099
0.100099
0.100099
0.100099
0.100099
0.100099
0.100099
0.100099
0.100099
0.100099
0.100099
0.100099
0.100099
0.100099
0.100099
0.100099
0.100099
0.100099
0.100099
0.100099
0.100099
0.100099
0.100099
0.100099
0.100099
0.100099
0.100099
0.100099
0.100099
0.100099
0.100099
0.100099
0.100099
0.100099
0.100099
0.100099
0.100099
0.100099
0.100099
0.100099
0.100099
0.100099
0.100099
0.100099
0.100099
0.100099
0.100099
0.100099
0.100099
0.100099
0.100099
0.100099
0.100099
0.100099
0.100099
0.100099
0.100099
0.100099
0.100099
0.100099
0.100099
0.100099
0.100099
0.100099
0.100099
0.100099
0.100099
0.100099
0.100099
0.100099
0.100099
0.100099
0.100099
0.100099
0.100099
0.100099
0.100099
0.100099
0.100099
0.100099
0.100099
0.100099
0.100099
0.100099
0.100099
0.100099
0.100099
0.100099
0.100099
0.100099
0.100099
0.100099
0.100099
0.100099
0.100099
0.100099
0.100099
0.100099
0.100099
0.100099
0.100099
0.100099
0.100099
0.100099
0.100099
0.100099
0.100099
0.100099
0.100099
0.100099
0.100099
0.100099
0.100099
0.100099
0.100099
0.100099
0.100099
0.100099
0.100099
0.100099
0.100099
0.100099
0.100099
0.100099
0.100099
0.100099
0.100099
0.100099
0.100099
0.100099
0.100099
0.100099
0.100099
0.100099
0.100099
0.100099
0.100099
0.100099
0.100099
0.100099
0.100099
0.100099
0.100099
0.100099
0.100099
0.100099
0.100099
0.100099
0.100099
0.100099
0.100099
0.100099
0.100099
0.100099
0.100099
0.100099
0.100099
0.100099
0.100099
0.100099
0.100099
0.100099
0.100099
0.100099
0.100099
0.100099
0.100099
0.100099
0.100099
0.100099
0.100099
0.100099
0.100099
0.100099
0.100099
0.100099
0.100099
0.100099
0.100099
0.100099
0.100099
0.100099
0.100099
0.100099
0.100099
0.100099
0.100099
0.100099
0.100099
0.100099
0.100099
0.100099
0.100099
0.100099
0.100099
0.100099
0.100099
0.100099
0.100099
0.100099
0.100099
0.100099
0.100099
0.100099
0.100099
0.100099
0.100099
0.100099
0.100099
0.100099
0.100099
0.100099
0.100099
0.100099
0.100099
0.100099
0.100099
0.100099
0.100099
0.100099
0.100099
0.100099
0.100099
0.100099
0.100099
0.100099
0.100099
0.100099
0.100099
0.100099
0.100099
0.100099
0.100099
0.100099
0.100099
0.100099
0.100099
0.100099
0.100099
0.100099
0.100099
0.100099
0.100099
0.100099
0.100099
0.100099
0.100099
0.100099
0.100099
0.100099
0.100099
0.100099
0.100099
0.100099
0.100099
0.100099
0.100099
0.100099
0.100099
0.100099
0.100099
0.100099
0.100099
0.100099
0.100099
0.100100
0.100100
0.100100
0.100100
0.100100
0.100100
0.100100
0.100100
0.100100
0.100100
0.100100
0.100100
0.100100
0.100100
0.100100
0.100100
0.100100
0.100100
0.100100
0.100100
0.100100
0.100100
0.100100
0.100100
0.100100
0.100100
0.100100
0.100100
0.100100
0.100100
0.100100
0.100100
0.100100
0.100100
0.100100
0.100100
0.100100
0.100100
0.100100
0.100100
0.100100
0.100100
0.100100
0.100100
0.100100
0.100100
0.100100
0.100100
0.100100
0.100100
0.100100
0.100100
0.100100
0.100100
0.100100
0.100100
0.100100
0.100100
0.100100
0.100100
0.100100
0.100100
0.100100
0.100100
0.100100
0.100100
0.100100
0.100100
0.100100
0.100100
0.100100
0.100100
0.100100
0.100100
0.100100
0.100100
0.100100
0.100100
0.100100
0.100100
0.100100
0.100100
0.100100
0.100100
0.100100
0.100100
0.100100
0.100100
0.100100
0.100100
0.100100
0.100100
0.100100
0.100100
0.100100
0.100100
0.100100
0.100100
0.100100
0.100100
0.100100
0.100100
0.100100
0.100100
0.100100
0.100100
0.100100
0.100100
0.100100
0.100100
0.100100
0.100100
0.100100
0.100100
0.100100
0.100100
0.100100
0.100100
0.100100
0.100100
0.100100
0.100100
0.100100
0.100100
0.100100
0.100100
0.100100
0.100100
0.100100
0.100100
0.100100
0.100100
0.100100
0.100100
0.100100
0.100100
0.100100
0.100100
0.100100
0.100100
0.100100
0.100100
0.100100
0.100100
0.100100
0.100100
0.100100
0.100100
0.100100
0.100100
0.100100
0.100100
0.100100
0.100100
0.100100
0.100100
0.100100
0.100100
0.100100
0.100100
0.100100
0.100100
0.100100
0.100100
0.100100
0.100100
0.100100
0.100100
0.100100
0.100100
0.100100
0.100100
0.100100
0.100100
0.100100
0.100100
0.100100
0.100100
0.100100
0.100100
0.100100
0.100100
0.100100
0.100100
0.100100
0.100100
0.100100
0.100100
0.100100
0.100100
0.100100
0.100100
0.100100
0.100100
0.100100
0.100100
0.100100
0.100100
0.100100
0.100100
0.100100
0.100100
0.100100
0.100100
0.100100
0.100100
0.100100
0.100100
0.100100
0.100100
0.100100
0.100100
0.100100
0.100100
0.100100
0.100100
0.100100
0.100100
0.100100
0.100100
0.100100
0.100100
0.100100
0.100100
0.100100
0.100100
0.100100
0.100100
0.100100
0.100100
0.100100
0.100100
0.100100
0.100100
0.100100
0.100100
0.100100
0.100100
0.100100
0.100100
0.100100
0.100100
0.100100
0.100100
0.100100
0.100100
0.100100
0.100100
0.100100
0.100100
0.100100
0.100100
0.100100
0.100100
0.100100
0.100100
0.100100
0.100100
0.100100
0.100100
0.100100
0.100100
0.100100
0.100100
0.100100
0.100100
0.100100
0.100100
0.100100
0.100100
0.100100
0.100100
0.100100
0.100100
0.100100
0.100100
0.100100
0.100100
0.100100
0.100100
0.100100
0.100100
0.100100
0.100100
0.100100
0.100100
0.100100
0.100100
0.100100
0.100100
0.100100
0.100100
0.100100
0.100100
0.100100
0.100100
0.100100
0.100100
0.100100
0.100100
0.100100
0.100100
0.100100
0.100100
0.100100
0.100100
0.100100
0.100100
0.100100
0.100100
0.100100
0.100100
0.100100
0.100100
0.100100
0.100100
0.100100
0.100100
0.100100
0.100100
0.100100
0.100100
0.100100
0.100100
0.100100
0.100100
0.100100
0.100100
0.100100
0.100100
0.100100
0.100100
0.100100
0.100100
0.100100
0.100100
0.100100
0.100100
0.100100
0.100100
0.100100
0.100100
0.100100
0.100100
0.100100
0.100100
0.100100
0.100100
0.100100
0.100100
0.100100
0.100100
0.100100
0.100100
0.100100
0.100100
0.100100
0.100100
0.100100
0.100100
0.100100
0.100100
0.100100
0.100100
0.100100
0.100100
0.100100
0.100100
0.100100
0.100100
0.100100
0.100100
0.100100
0.100100
0.100100
0.100100
0.100100
0.100100
0.100100
0.100100
0.100100
0.100100
0.100100
0.100100
0.100100
0.100100
0.100100
0.100100
0.100100
0.100100
0.100100
0.100100
0.100100
0.100100
0.100100
0.100100
0.100100
0.100100
0.100100
0.100100
0.100100
0.100100
0.100100
0.100100
0.100100
0.100100
0.100100
0.100100
0.100100
0.100100
0.100100
0.100100
0.100100
0.100100
0.100100
0.100100
0.100100
0.100100
0.100100
0.100100
0.100100
0.100100
0.100100
0.100100
0.100100
0.100100
0.100100
0.100100
0.100100
0.100100
0.100100
0.100100
0.100100
0.100100
0.100100
0.100100
0.100100
0.100100
0.100100
0.100100
0.100100
0.100100
0.100100
0.100100
0.100100
0.100100
0.100100
0.100100
0.100100
0.100100
0.100100
0.100100
0.100100
0.100100
0.100100
0.100100
0.100100
0.100100
0.100100
0.100100
0.100100
0.100100
0.100100
0.100100
0.100100
0.100100
0.100100
0.100100
0.100100
0.100100
0.100100
0.100100
0.100100
0.100100
0.100100
0.100100
0.100100
0.100100
0.100100
0.100100
0.100100
0.100100
0.100100
0.100100
0.100100
0.100100
0.100100
0.100100
0.100100
0.100100
0.100100
0.100100
0.100100
0.100100
0.100100
0.100100
0.100100
0.100100
0.100100
0.100100
0.100100
0.100100
0.100100
0.100100
0.100100
0.100100
0.100100
0.100100
0.100100
0.100100
0.100100
0.100100
0.100100
0.100100
0.100100
0.100100
0.100100
0.100100
0.100100
0.100100
0.100100
0.100100
0.100100
0.100100
0.100100
0.100100
0.100100
0.100100
0.100100
0.100100
0.100100
0.100100
0.100100
0.100100
0.100100
0.100100
0.100100
0.100100
0.100100
0.100100
0.100100
0.100100
0.100100
0.100100
0.100100
0.100100
0.100100
0.100100
0.100100
0.100100
0.100100
0.100100
0.100100
0.100100
0.100100
0.100100
0.100100
0.100100
0.100100
0.100100
0.100100
0.100100
0.100100
0.100100
0.100100
0.100100
0.100100
0.100100
0.100100
0.100100
0.100100
0.100100
0.100100
0.100100
0.100100
0.100100
0.100100
0.100100
0.100100
0.100100
0.100100
0.100100
0.100100
0.100100
0.100100
0.100100
0.100100
0.100100
0.100100
0.100100
0.100100
0.100100
0.100100
0.100100
0.100100
0.100100
0.100100
0.100100
0.100100
0.100100
0.100100
0.100100
0.100100
0.100100
0.100100
0.100100
0.100100
0.100100
0.100100
0.100100
0.100100
0.100100
0.100100
0.100100
0.100100
0.100100
0.100100
0.100100
0.100100
0.100100
0.100100
0.100100
0.100100
0.100100
0.100100
0.100100
0.100100
0.100100
0.100100
0.100100
0.100100
0.100100
0.100100
0.100100
0.100100
0.100100
0.100100
0.100100
0.100100
0.100100
0.100100
0.100100
0.100100
0.100100
0.100100
0.100100
0.100100
0.100100
0.100100
0.100100
0.100100
0.100100
0.100100
0.100100
0.100100
0.100100
0.100100
0.100100
0.100100
0.100100
0.100100
0.100100
0.100100
0.100100
0.100100
0.100100
0.100100
0.100100
0.100100
0.100100
0.100100
0.100100
0.100100
0.100100
0.100100
0.100100
0.100100
0.100100
0.100100
0.100100
0.100100
0.100100
0.100100
0.100100
0.100100
0.100100
0.100100
0.100100
0.100100
0.100100
0.100100
0.100100
0.100100
0.100100
0.100100
0.100100
0.100100
0.100100
0.100100
0.100100
0.100100
0.100100
0.100100
0.100100
0.100100
0.100100
0.100100
0.100100
0.100100
0.100100
0.100100
0.100100
0.100100
0.100100
0.100100
0.100100
0.100100
0.100100
0.100100
0.100100
0.100100
0.100100
0.100100
0.100100
0.100100
0.100100
0.100100
0.100100
0.100100
0.100100
0.100100
0.100100
0.100100
0.100100
0.100100
0.100100
0.100100
0.100100
0.100100
0.100100
0.100100
0.100100
0.100100
0.100100
0.100100
0.100100
0.100100
0.100100
0.100100
0.100100
0.100100
0.100100
0.100100
0.100100
0.100100
0.100100
0.100100
0.100100
0.100100
0.100100
0.100100
0.100100
0.100100
0.100100
0.100100
0.100100
0.100100
0.100100
0.100100
0.100100
0.100100
0.100100
0.100100
0.100100
0.100100
0.100100
0.100100
0.100100
0.100100
0.100100
0.100100
0.100101
0.100101
0.100101
0.100101
0.100101
0.100101
0.100101
0.100101
0.100101
0.100101
0.100101
0.100101
0.100101
0.100101
0.100101
0.100101
0.100101
0.100101
0.100101
0.100101
0.100101
0.100101
0.100101
0.100101
0.100101
0.100101
0.100101
0.100101
0.100101
0.100101
0.100101
0.100101
0.100101
0.100101
0.100101
0.100101
0.100101
0.100101
0.100101
0.100101
0.100101
0.100101
0.100101
0.100101
0.100101
0.100101
0.100101
0.100101
0.100101
0.100101
0.100101
0.100101
0.100101
0.100101
0.100101
0.100101
0.100101
0.100101
0.100101
0.100101
0.100101
0.100101
0.100101
0.100101
0.100101
0.100101
0.100101
0.100101
0.100101
0.100101
0.100101
0.100101
0.100101
0.100101
0.100101
0.100101
0.100101
0.100101
0.100101
0.100101
0.100101
0.100101
0.100101
0.100101
0.100101
0.100101
0.100101
0.100101
0.100101
0.100101
0.100101
0.100101
0.100101
0.100101
0.100101
0.100101
0.100101
0.100101
0.100101
0.100101
0.100101
0.100101
0.100101
0.100101
0.100101
0.100101
0.100101
0.100101
0.100101
0.100101
0.100101
0.100101
0.100101
0.100101
0.100101
0.100101
0.100101
0.100101
0.100101
0.100101
0.100101
0.100101
0.100101
0.100101
0.100101
0.100101
0.100101
0.100101
0.100101
0.100101
0.100101
0.100101
0.100101
0.100101
0.100101
0.100101
0.100101
0.100101
0.100101
0.100101
0.100101
0.100101
0.100101
0.100101
0.100101
0.100101
0.100101
0.100101
0.100101
0.100101
0.100101
0.100101
0.100101
0.100101
0.100101
0.100101
0.100101
0.100101
0.100101
0.100101
0.100101
0.100101
0.100101
0.100101
0.100101
0.100101
0.100101
0.100101
0.100101
0.100101
0.100101
0.100101
0.100101
0.100101
0.100101
0.100101
0.100101
0.100101
0.100101
0.100101
0.100101
0.100101
0.100101
0.100101
0.100101
0.100101
0.100101
0.100101
0.100101
0.100101
0.100101
0.100101
0.100101
0.100101
0.100101
0.100101
0.100101
0.100101
0.100101
0.100101
0.100101
0.100101
0.100101
0.100101
0.100101
0.100101
0.100101
0.100101
0.100101
0.100101
0.100101
0.100101
0.100101
0.100101
0.100101
0.100101
0.100101
0.100101
0.100101
0.100101
0.100101
0.100101
0.100101
0.100101
0.100101
0.100101
0.100101
0.100101
0.100101
0.100101
0.100101
0.100101
0.100101
0.100101
0.100101
0.100101
0.100101
0.100101
0.100101
0.100101
0.100101
0.100101
0.100101
0.100101
0.100101
0.100101
0.100101
0.100101
0.100101
0.100101
0.100101
0.100101
0.100101
0.100101
0.100101
0.100101
0.100101
0.100101
0.100101
0.100101
0.100101
0.100101
0.100101
0.100101
0.100101
0.100101
0.100101
0.100101
0.100101
0.100101
0.100101
0.100101
0.100101
0.100101
0.100101
0.100101
0.100101
0.100101
0.100101
0.100101
0.100101
0.100101
0.100101
0.100101
0.100101
0.100101
0.100101
0.100101
0.100101
0.100101
0.100101
0.100101
0.100101
0.100101
0.100101
0.100101
0.100101
0.100101
0.100101
0.100101
0.100101
0.100101
0.100101
0.100101
0.100101
0.100101
0.100101
0.100101
0.100101
0.100101
0.100101
0.100101
0.100101
0.100101
0.100101
0.100101
0.100101
0.100101
0.100101
0.100101
0.100101
0.100101
0.100101
0.100101
0.100101
0.100101
0.100101
0.100101
0.100101
0.100101
0.100101
0.100101
0.100101
0.100101
0.100101
0.100101
0.100101
0.100101
0.100101
0.100101
0.100101
0.100101
0.100101
0.100101
0.100101
0.100101
0.100101
0.100101
0.100101
0.100101
0.100101
0.100101
0.100101
0.100101
0.100101
0.100101
0.100101
0.100101
0.100101
0.100101
0.100101
0.100101
0.100101
0.100101
0.100101
0.100101
0.100101
0.100101
0.100101
0.100101
0.100101
0.100101
0.100101
0.100101
0.100101
0.100101
0.100101
0.100101
0.100101
0.100101
0.100101
0.100101
0.100101
0.100101
0.100101
0.100101
0.100101
0.100101
0.100101
0.100101
0.100101
0.100101
0.100101
0.100101
0.100101
0.100101
0.100101
0.100101
0.100101
0.100101
0.100101
0.100101
0.100101
0.100101
0.100101
0.100101
0.100101
0.100101
0.100101
0.100101
0.100101
0.100101
0.100101
0.100101
0.100101
0.100101
0.100101
0.100101
0.100101
0.100101
0.100101
0.100101
0.100101
0.100101
0.100101
0.100101
0.100101
0.100101
0.100101
0.100101
0.100101
0.100101
0.100101
0.100101
0.100101
0.100101
0.100101
0.100101
0.100101
0.100101
0.100101
0.100101
0.100101
0.100101
0.100101
0.100101
0.100101
0.100101
0.100101
0.100101
0.100101
0.100101
0.100101
0.100101
0.100101
0.100101
0.100101
0.100101
0.100101
0.100101
0.100101
0.100101
0.100101
0.100101
0.100101
0.100101
0.100101
0.100101
0.100101
0.100101
0.100101
0.100101
0.100101
0.100101
0.100101
0.100101
0.100101
0.100101
0.100101
0.100101
0.100101
0.100101
0.100101
0.100101
0.100101
0.100101
0.100101
0.100101
0.100101
0.100101
0.100101
0.100101
0.100101
0.100101
0.100101
0.100101
0.100101
0.100101
0.100101
0.100101
0.100101
0.100101
0.100101
0.100101
0.100101
0.100101
0.100101
0.100101
0.100101
0.100101
0.100101
0.100101
0.100101
0.100101
0.100101
0.100101
0.100101
0.100101
0.100101
0.100101
0.100101
0.100101
0.100101
0.100101
0.100101
0.100101
0.100101
0.100101
0.100101
0.100101
0.100101
0.100101
0.100101
0.100101
0.100101
0.100101
0.100101
0.100101
0.100101
0.100101
0.100101
0.100101
0.100101
0.100101
0.100101
0.100101
0.100101
0.100101
0.100101
0.100101
0.100101
0.100101
0.100101
0.100101
0.100101
0.100101
0.100101
0.100101
0.100101
0.100101
0.100101
0.100101
0.100101
0.100101
0.100101
0.100101
0.100101
0.100101
0.100101
0.100101
0.100101
0.100101
0.100101
0.100101
0.100101
0.100101
0.100101
0.100101
0.100101
0.100101
0.100101
0.100101
0.100101
0.100101
0.100101
0.100101
0.100101
0.100101
0.100101
0.100101
0.100101
0.100101
0.100101
0.100101
0.100101
0.100101
0.100101
0.100101
0.100101
0.100101
0.100101
0.100101
0.100101
0.100101
0.100101
0.100101
0.100101
0.100101
0.100101
0.100101
0.100101
0.100101
0.100101
0.100101
0.100101
0.100101
0.100101
0.100101
0.100101
0.100101
0.100101
0.100101
0.100101
0.100101
0.100101
0.100101
0.100101
0.100101
0.100101
0.100101
0.100101
0.100101
0.100101
0.100101
0.100101
0.100101
0.100101
0.100101
0.100101
0.100101
0.100101
0.100101
0.100101
0.100101
0.100101
0.100101
0.100101
0.100101
0.100101
0.100101
0.100101
0.100101
0.100101
0.100101
0.100101
0.100101
0.100101
0.100101
0.100101
0.100101
0.100101
0.100101
0.100101
0.100101
0.100101
0.100101
0.100101
0.100101
0.100101
0.100101
0.100101
0.100101
0.100101
0.100101
0.100101
0.100101
0.100101
0.100101
0.100101
0.100101
0.100101
0.100101
0.100101
0.100101
0.100101
0.100101
0.100101
0.100101
0.100101
0.100101
0.100101
0.100101
0.100101
0.100101
0.100101
0.100101
0.100101
0.100101
0.100101
0.100101
0.100101
0.100101
0.100101
0.100101
0.100101
0.100101
0.100101
0.100101
0.100101
0.100101
0.100101
0.100101
0.100101
0.100101
0.100101
0.100101
0.100101
0.100101
0.100101
0.100101
0.100101
0.100101
0.100101
0.100101
0.100101
0.100101
0.100101
0.100101
0.100101
0.100101
0.100101
0.100101
0.100101
0.100101
0.100101
0.100101
0.100101
0.100101
0.100101
0.100101
0.100101
0.100101
0.100101
0.100101
0.100101
0.100101
0.100101
0.100101
0.100102
0.100102
0.100102
0.100102
0.100102
0.100102
0.100102
0.100102
0.100102
0.100102
0.100102
0.100102
0.100102
0.100102
0.100102
0.100102
0.100102
0.100102
0.100102
0.100102
0.100102
0.100102
0.100102
0.100102
0.100102
0.100102
0.100102
0.100102
0.100102
0.100102
0.100102
0.100102
0.100102
0.100102
0.100102
0.100102
0.100102
0.100102
0.100102
0.100102
0.100102
0.100102
0.100102
0.100102
0.100102
0.100102
0.100102
0.100102
0.100102
0.100102
0.100102
0.100102
0.100102
0.100102
0.100102
0.100102
0.100102
0.100102
0.100102
0.100102
0.100102
0.100102
0.100102
0.100102
0.100102
0.100102
0.100102
0.100102
0.100102
0.100102
0.100102
0.100102
0.100102
0.100102
0.100102
0.100102
0.100102
0.100102
0.100102
0.100102
0.100102
0.100102
0.100102
0.100102
0.100102
0.100102
0.100102
0.100102
0.100102
0.100102
0.100102
0.100102
0.100102
0.100102
0.100102
0.100102
0.100102
0.100102
0.100102
0.100102
0.100102
0.100102
0.100102
0.100102
0.100102
0.100102
0.100102
0.100102
0.100102
0.100102
0.100102
0.100102
0.100102
0.100102
0.100102
0.100102
0.100102
0.100102
0.100102
0.100102
0.100102
0.100102
0.100102
0.100102
0.100102
0.100102
0.100102
0.100102
0.100102
0.100102
0.100102
0.100102
0.100102
0.100102
0.100102
0.100102
0.100102
0.100102
0.100102
0.100102
0.100102
0.100102
0.100102
0.100102
0.100102
0.100102
0.100102
0.100102
0.100102
0.100102
0.100102
0.100102
0.100102
0.100102
0.100102
0.100102
0.100102
0.100102
0.100102
0.100102
0.100102
0.100102
0.100102
0.100102
0.100102
0.100102
0.100102
0.100102
0.100102
0.100102
0.100102
0.100102
0.100102
0.100102
0.100102
0.100102
0.100102
0.100102
0.100102
0.100102
0.100102
0.100102
0.100102
0.100102
0.100102
0.100102
0.100102
0.100102
0.100102
0.100102
0.100102
0.100102
0.100102
0.100102
0.100102
0.100102
0.100102
0.100102
0.100102
0.100102
0.100102
0.100102
0.100102
0.100102
0.100102
0.100102
0.100102
0.100102
0.100102
0.100102
0.100102
0.100102
0.100102
0.100102
0.100102
0.100102
0.100102
0.100102
0.100102
0.100102
0.100102
0.100102
0.100102
0.100102
0.100102
0.100102
0.100102
0.100102
0.100102
0.100102
0.100102
0.100102
0.100102
0.100102
0.100102
0.100102
0.100102
0.100102
0.100102
0.100102
0.100102
0.100102
0.100102
0.100102
0.100102
0.100102
0.100102
0.100102
0.100102
0.100102
0.100102
0.100102
0.100102
0.100102
0.100102
0.100102
0.100102
0.100102
0.100102
0.100102
0.100102
0.100102
0.100102
0.100102
0.100102
0.100102
0.100102
0.100102
0.100102
0.100102
0.100102
0.100102
0.100102
0.100102
0.100102
0.100102
0.100102
0.100102
0.100102
0.100102
0.100102
0.100102
0.100102
0.100102
0.100102
0.100102
0.100102
0.100102
0.100102
0.100102
0.100102
0.100102
0.100102
0.100102
0.100102
0.100102
0.100102
0.100102
0.100102
0.100102
0.100102
0.100102
0.100102
0.100102
0.100102
0.100102
0.100102
0.100102
0.100102
0.100102
0.100102
0.100102
0.100102
0.100102
0.100102
0.100102
0.100102
0.100102
0.100102
0.100102
0.100102
0.100102
0.100102
0.100102
0.100102
0.100102
0.100102
0.100102
0.100102
0.100102
0.100102
0.100102
0.100102
0.100102
0.100102
0.100102
0.100102
0.100102
0.100102
0.100102
0.100102
0.100102
0.100102
0.100102
0.100102
0.100102
0.100102
0.100102
0.100102
0.100102
0.100102
0.100102
0.100102
0.100102
0.100102
0.100102
0.100102
0.100102
0.100102
0.100102
0.100102
0.100102
0.100102
0.100102
0.100102
0.100102
0.100102
0.100102
0.100102
0.100102
0.100102
0.100102
0.100102
0.100102
0.100102
0.100102
0.100102
0.100102
0.100102
0.100102
0.100102
0.100102
0.100102
0.100102
0.100102
0.100102
0.100102
0.100102
0.100102
0.100102
0.100102
0.100102
0.100102
0.100102
0.100102
0.100102
0.100102
0.100102
0.100102
0.100102
0.100102
0.100102
0.100102
0.100102
0.100102
0.100102
0.100102
0.100102
0.100102
0.100102
0.100102
0.100102
0.100102
0.100102
0.100102
0.100102
0.100102
0.100102
0.100102
0.100102
0.100102
0.100102
0.100102
0.100102
0.100102
0.100102
0.100102
0.100102
0.100102
0.100102
0.100102
0.100102
0.100102
0.100102
0.100102
0.100102
0.100102
0.100102
0.100102
0.100102
0.100102
0.100102
0.100102
0.100102
0.100102
0.100102
0.100102
0.100102
0.100102
0.100102
0.100102
0.100102
0.100102
0.100102
0.100102
0.100102
0.100102
0.100102
0.100102
0.100102
0.100102
0.100102
0.100102
0.100102
0.100102
0.100102
0.100102
0.100102
0.100102
0.100102
0.100102
0.100102
0.100102
0.100102
0.100102
0.100102
0.100102
0.100102
0.100102
0.100102
0.100102
0.100102
0.100102
0.100102
0.100102
0.100102
0.100102
0.100102
0.100102
0.100102
0.100102
0.100102
0.100102
0.100102
0.100102
0.100102
0.100102
0.100102
0.100102
0.100102
0.100102
0.100102
0.100102
0.100102
0.100102
0.100102
0.100102
0.100102
0.100102
0.100102
0.100102
0.100102
0.100102
0.100102
0.100102
0.100102
0.100102
0.100102
0.100102
0.100102
0.100102
0.100102
0.100102
0.100102
0.100102
0.100102
0.100102
0.100102
0.100102
0.100102
0.100102
0.100102
0.100102
0.100102
0.100102
0.100102
0.100102
0.100102
0.100102
0.100102
0.100102
0.100102
0.100102
0.100102
0.100102
0.100102
0.100102
0.100102
0.100102
0.100102
0.100102
0.100102
0.100102
0.100102
0.100102
0.100102
0.100102
0.100102
0.100102
0.100102
0.100102
0.100102
0.100102
0.100102
0.100102
0.100102
0.100102
0.100102
0.100102
0.100102
0.100102
0.100102
0.100102
0.100102
0.100102
0.100102
0.100102
0.100102
0.100102
0.100102
0.100102
0.100102
0.100102
0.100102
0.100102
0.100102
0.100102
0.100102
0.100102
0.100102
0.100102
0.100102
0.100102
0.100102
0.100102
0.100102
0.100102
0.100102
0.100102
0.100102
0.100102
0.100102
0.100102
0.100102
0.100102
0.100102
0.100102
0.100102
0.100102
0.100102
0.100102
0.100102
0.100102
0.100102
0.100102
0.100102
0.100102
0.100102
0.100102
0.100102
0.100102
0.100102
0.100102
0.100103
0.100103
0.100103
0.100103
0.100103
0.100103
0.100103
0.100103
0.100103
0.100103
0.100103
0.100103
0.100103
0.100103
0.100103
0.100103
0.100103
0.100103
0.100103
0.100103
0.100103
0.100103
0.100103
0.100103
0.100103
0.100103
0.100103
0.100103
0.100103
0.100103
0.100103
0.100103
0.100103
0.100103
0.100103
0.100103
0.100103
0.100103
0.100103
0.100103
0.100103
0.100103
0.100103
0.100103
0.100103
0.100103
0.100103
0.100103
0.100103
0.100103
0.100103
0.100103
0.100103
0.100103
0.100103
0.100103
0.100103
0.100103
0.100103
0.100103
0.100103
0.100103
0.100103
0.100103
0.100103
0.100103
0.100103
0.100103
0.100103
0.100103
0.100103
0.100103
0.100103
0.100103
0.100103
0.100103
0.100103
0.100103
0.100103
0.100103
0.100103
0.100103
0.100103
0.100103
0.100103
0.100103
0.100103
0.100103
0.100103
0.100103
0.100103
0.100103
0.100103
0.100103
0.100103
0.100103
0.100103
0.100103
0.100103
0.100103
0.100103
0.100103
0.100103
0.100103
0.100103
0.100103
0.100103
0.100103
0.100103
0.100103
0.100103
0.100103
0.100103
0.100103
0.100103
0.100103
0.100103
0.100103
0.100103
0.100103
0.100103
0.100103
0.100103
0.100103
0.100103
0.100103
0.100103
0.100103
0.100103
0.100103
0.100103
0.100103
0.100103
0.100103
0.100103
0.100103
0.100103
0.100103
0.100103
0.100103
0.100103
0.100103
0.100103
0.100103
0.100103
0.100103
0.100103
0.100103
0.100103
0.100103
0.100103
0.100103
0.100103
0.100103
0.100103
0.100103
0.100103
0.100103
0.100103
0.100103
0.100103
0.100103
0.100103
0.100103
0.100103
0.100103
0.100103
0.100103
0.100103
0.100103
0.100103
0.100103
0.100103
0.100103
0.100103
0.100103
0.100103
0.100103
0.100103
0.100103
0.100103
0.100103
0.100103
0.100103
0.100103
0.100103
0.100103
0.100103
0.100103
0.100103
0.100103
0.100103
0.100103
0.100103
0.100103
0.100103
0.100103
0.100103
0.100103
0.100103
0.100103
0.100103
0.100103
0.100103
0.100103
0.100103
0.100103
0.100103
0.100103
0.100103
0.100103
0.100103
0.100103
0.100103
0.100103
0.100103
0.100103
0.100103
0.100103
0.100103
0.100103
0.100103
0.100103
0.100103
0.100103
0.100103
0.100103
0.100103
0.100103
0.100103
0.100103
0.100103
0.100103
0.100103
0.100103
0.100103
0.100103
0.100103
0.100103
0.100103
0.100103
0.100103
0.100103
0.100103
0.100103
0.100103
0.100103
0.100103
0.100103
0.100103
0.100103
0.100103
0.100103
0.100103
0.100103
0.100103
0.100103
0.100103
0.100103
0.100103
0.100103
0.100103
0.100103
0.100103
0.100103
0.100103
0.100103
0.100103
0.100103
0.100103
0.100103
0.100103
0.100103
0.100103
0.100103
0.100103
0.100103
0.100103
0.100103
0.100103
0.100103
0.100103
0.100103
0.100103
0.100103
0.100103
0.100103
0.100103
0.100103
0.100103
0.100103
0.100103
0.100103
0.100103
0.100103
0.100103
0.100103
0.100103
0.100103
0.100103
0.100103
0.100103
0.100103
0.100103
0.100103
0.100103
0.100103
0.100103
0.100103
0.100103
0.100103
0.100103
0.100103
0.100103
0.100103
0.100103
0.100103
0.100103
0.100103
0.100103
0.100103
0.100103
0.100103
0.100103
0.100103
0.100103
0.100103
0.100103
0.100103
0.100103
0.100103
0.100103
0.100103
0.100103
0.100103
0.100103
0.100103
0.100103
0.100103
0.100103
0.100103
0.100103
0.100103
0.100103
0.100103
0.100103
0.100103
0.100103
0.100103
0.100103
0.100103
0.100103
0.100103
0.100103
0.100103
0.100103
0.100103
0.100103
0.100103
0.100103
0.100103
0.100103
0.100103
0.100103
0.100103
0.100103
0.100103
0.100103
0.100103
0.100103
0.100103
0.100103
0.100103
0.100103
0.100103
0.100103
0.100103
0.100103
0.100103
0.100103
0.100103
0.100103
0.100103
0.100103
0.100103
0.100103
0.100103
0.100103
0.100103
0.100103
0.100103
0.100103
0.100103
0.100103
0.100103
0.100103
0.100103
0.100103
0.100103
0.100103
0.100103
0.100103
0.100103
0.100103
0.100103
0.100103
0.100103
0.100103
0.100103
0.100103
0.100103
0.100103
0.100103
0.100103
0.100103
0.100103
0.100103
0.100103
0.100103
0.100103
0.100103
0.100103
0.100103
0.100103
0.100103
0.100103
0.100103
0.100103
0.100103
0.100103
0.100103
0.100103
0.100103
0.100103
0.100103
0.100103
0.100103
0.100103
0.100103
0.100103
0.100103
0.100103
0.100103
0.100103
0.100103
0.100103
0.100103
0.100103
0.100103
0.100103
0.100103
0.100103
0.100103
0.100103
0.100103
0.100103
0.100103
0.100103
0.100103
0.100103
0.100103
0.100103
0.100103
0.100103
0.100103
0.100103
0.100103
0.100103
0.100103
0.100103
0.100103
0.100103
0.100103
0.100103
0.100103
0.100103
0.100103
0.100103
0.100103
0.100103
0.100103
0.100103
0.100103
0.100103
0.100103
0.100103
0.100103
0.100103
0.100103
0.100103
0.100103
0.100103
0.100103
0.100103
0.100103
0.100103
0.100103
0.100103
0.100103
0.100103
0.100103
0.100103
0.100103
0.100103
0.100103
0.100103
0.100103
0.100103
0.100103
0.100103
0.100103
0.100103
0.100103
0.100103
0.100103
0.100103
0.100103
0.100103
0.100104
0.100104
0.100104
0.100104
0.100104
0.100104
0.100104
0.100104
0.100104
0.100104
0.100104
0.100104
0.100104
0.100104
0.100104
0.100104
0.100104
0.100104
0.100104
0.100104
0.100104
0.100104
0.100104
0.100104
0.100104
0.100104
0.100104
0.100104
0.100104
0.100104
0.100104
0.100104
0.100104
0.100104
0.100104
0.100104
0.100104
0.100104
0.100104
0.100104
0.100104
0.100104
0.100104
0.100104
0.100104
0.100104
0.100104
0.100104
0.100104
0.100104
0.100104
0.100104
0.100104
0.100104
0.100104
0.100104
0.100104
0.100104
0.100104
0.100104
0.100104
0.100104
0.100104
0.100104
0.100104
0.100104
0.100104
0.100104
0.100104
0.100104
0.100104
0.100104
0.100104
0.100104
0.100104
0.100104
0.100104
0.100104
0.100104
0.100104
0.100104
0.100104
0.100104
0.100104
0.100104
0.100104
0.100104
0.100104
0.100104
0.100104
0.100104
0.100104
0.100104
0.100104
0.100104
0.100104
0.100104
0.100104
0.100104
0.100104
0.100104
0.100104
0.100104
0.100104
0.100104
0.100104
0.100104
0.100104
0.100104
0.100104
0.100104
0.100104
0.100104
0.100104
0.100104
0.100104
0.100104
0.100104
0.100104
0.100104
0.100104
0.100104
0.100104
0.100104
0.100104
0.100104
0.100104
0.100104
0.100104
0.100104
0.100104
0.100104
0.100104
0.100104
0.100104
0.100104
0.100104
0.100104
0.100104
0.100104
0.100104
0.100104
0.100104
0.100104
0.100104
0.100104
0.100104
0.100104
0.100104
0.100104
0.100104
0.100104
0.100104
0.100104
0.100104
0.100104
0.100104
0.100104
0.100104
0.100104
0.100104
0.100104
0.100104
0.100104
0.100104
0.100104
0.100104
0.100104
0.100104
0.100104
0.100104
0.100104
0.100104
0.100104
0.100104
0.100104
0.100104
0.100104
0.100104
0.100104
0.100104
0.100104
0.100104
0.100104
0.100104
0.100104
0.100104
0.100104
0.100104
0.100104
0.100104
0.100104
0.100104
0.100104
0.100104
0.100104
0.100104
0.100104
0.100104
0.100104
0.100104
0.100104
0.100104
0.100104
0.100104
0.100104
0.100104
0.100104
0.100104
0.100104
0.100104
0.100104
0.100104
0.100104
0.100104
0.100104
0.100104
0.100104
0.100104
0.100104
0.100104
0.100104
0.100104
0.100104
0.100104
0.100104
0.100104
0.100104
0.100104
0.100104
0.100104
0.100104
0.100104
0.100104
0.100104
0.100104
0.100104
0.100104
0.100104
0.100104
0.100104
0.100104
0.100104
0.100104
0.100104
0.100104
0.100104
0.100104
0.100104
0.100104
0.100104
0.100104
0.100104
0.100104
0.100104
0.100104
0.100104
0.100104
0.100104
0.100104
0.100104
0.100104
0.100104
0.100104
0.100104
0.100104
0.100104
0.100104
0.100104
0.100104
0.100104
0.100104
0.100104
0.100104
0.100104
0.100104
0.100104
0.100104
0.100104
0.100104
0.100104
0.100104
0.100104
0.100104
0.100104
0.100104
0.100104
0.100104
0.100104
0.100104
0.100104
0.100104
0.100104
0.100104
0.100104
0.100104
0.100104
0.100104
0.100104
0.100104
0.100104
0.100104
0.100104
0.100104
0.100104
0.100104
0.100104
0.100104
0.100104
0.100104
0.100104
0.100104
0.100104
0.100104
0.100104
0.100104
0.100104
0.100104
0.100104
0.100104
0.100104
0.100104
0.100104
0.100104
0.100104
0.100104
0.100104
0.100104
0.100104
0.100104
0.100104
0.100104
0.100104
0.100104
0.100104
0.100104
0.100104
0.100104
0.100104
0.100104
0.100104
0.100104
0.100104
0.100104
0.100104
0.100104
0.100104
0.100104
0.100104
0.100104
0.100104
0.100104
0.100104
0.100104
0.100104
0.100104
0.100104
0.100104
0.100104
0.100104
0.100104
0.100104
0.100104
0.100104
0.100104
0.100104
0.100104
0.100104
0.100104
0.100104
0.100104
0.100104
0.100104
0.100104
0.100104
0.100104
0.100104
0.100104
0.100104
0.100104
0.100104
0.100104
0.100104
0.100104
0.100104
0.100104
0.100104
0.100104
0.100104
0.100104
0.100104
0.100104
0.100104
0.100104
0.100104
0.100104
0.100104
0.100105
0.100105
0.100105
0.100105
0.100105
0.100105
0.100105
0.100105
0.100105
0.100105
0.100105
0.100105
0.100105
0.100105
0.100105
0.100105
0.100105
0.100105
0.100105
0.100105
0.100105
0.100105
0.100105
0.100105
0.100105
0.100105
0.100105
0.100105
0.100105
0.100105
0.100105
0.100105
0.100105
0.100105
0.100105
0.100105
0.100105
0.100105
0.100105
0.100105
0.100105
0.100105
0.100105
0.100105
0.100105
0.100105
0.100105
0.100105
0.100105
0.100105
0.100105
0.100105
0.100105
0.100105
0.100105
0.100105
0.100105
0.100105
0.100105
0.100105
0.100105
0.100105
0.100105
0.100105
0.100105
0.100105
0.100105
0.100105
0.100105
0.100105
0.100105
0.100105
0.100105
0.100105
0.100105
0.100105
0.100105
0.100105
0.100105
0.100105
0.100105
0.100105
0.100105
0.100105
0.100105
0.100105
0.100105
0.100105
0.100105
0.100105
0.100105
0.100105
0.100105
0.100105
0.100105
0.100105
0.100105
0.100105
0.100105
0.100105
0.100105
0.100105
0.100105
0.100105
0.100105
0.100105
0.100105
0.100105
0.100105
0.100105
0.100105
0.100105
0.100105
0.100105
0.100105
0.100105
0.100105
0.100105
0.100105
0.100105
0.100105
0.100105
0.100105
0.100105
0.100105
0.100105
0.100105
0.100105
0.100105
0.100105
0.100105
0.100105
0.100105
0.100105
0.100105
0.100105
0.100105
0.100105
0.100105
0.100105
0.100105
0.100105
0.100105
0.100105
0.100105
0.100105
0.100105
0.100105
0.100105
0.100105
0.100105
0.100105
0.100105
0.100105
0.100105
0.100105
0.100105
0.100105
0.100105
0.100105
0.100105
0.100105
0.100105
0.100105
0.100105
0.100105
0.100105
0.100105
0.100105
0.100105
0.100105
0.100105
0.100105
0.100105
0.100105
0.100105
0.100105
0.100105
0.100105
0.100105
0.100105
0.100105
0.100105
0.100105
0.100105
0.100105
0.100105
0.100105
0.100105
0.100105
0.100105
0.100105
0.100105
0.100105
0.100105
0.100105
0.100105
0.100105
0.100105
0.100105
0.100105
0.100105
0.100105
0.100105
0.100105
0.100105
0.100105
0.100105
0.100105
0.100105
0.100105
0.100105
0.100105
0.100105
0.100105
0.100105
0.100105
0.100105
0.100105
0.100105
0.100105
0.100105
0.100105
0.100105
0.100105
0.100105
0.100105
0.100105
0.100105
0.100105
0.100105
0.100105
0.100105
0.100105
0.100105
0.100105
0.100105
0.100105
0.100105
0.100105
0.100105
0.100105
0.100105
0.100105
0.100105
0.100105
0.100105
0.100105
0.100105
0.100105
0.100105
0.100105
0.100105
0.100105
0.100105
0.100105
0.100105
0.100105
0.100105
0.100105
0.100105
0.100105
0.100105
0.100105
0.100105
0.100105
0.100105
0.100105
0.100105
0.100105
0.100105
0.100105
0.100105
0.100105
0.100105
0.100105
0.100105
0.100105
0.100105
0.100105
0.100105
0.100105
0.100105
0.100105
0.100105
0.100105
0.100105
0.100105
0.100105
0.100105
0.100105
0.100105
0.100105
0.100105
0.100105
0.100105
0.100105
0.100105
0.100105
0.100105
0.100105
0.100106
0.100106
0.100106
0.100106
0.100106
0.100106
0.100106
0.100106
0.100106
0.100106
0.100106
0.100106
0.100106
0.100106
0.100106
0.100106
0.100106
0.100106
0.100106
0.100106
0.100106
0.100106
0.100106
0.100106
0.100106
0.100106
0.100106
0.100106
0.100106
0.100106
0.100106
0.100106
0.100106
0.100106
0.100106
0.100106
0.100106
0.100106
0.100106
0.100106
0.100106
0.100106
0.100106
0.100106
0.100106
0.100106
0.100106
0.100106
0.100106
0.100106
0.100106
0.100106
0.100106
0.100106
0.100106
0.100106
0.100106
0.100106
0.100106
0.100106
0.100106
0.100106
0.100106
0.100106
0.100106
0.100106
0.100106
0.100106
0.100106
0.100106
0.100106
0.100106
0.100106
0.100106
0.100106
0.100106
0.100106
0.100106
0.100106
0.100106
0.100106
0.100106
0.100106
0.100106
0.100106
0.100106
0.100106
0.100106
0.100106
0.100106
0.100106
0.100106
0.100106
0.100106
0.100106
0.100106
0.100106
0.100106
0.100106
0.100106
0.100106
0.100106
0.100106
0.100106
0.100106
0.100106
0.100106
0.100106
0.100106
0.100106
0.100106
0.100106
0.100106
0.100106
0.100106
0.100106
0.100106
0.100106
0.100106
0.100106
0.100106
0.100106
0.100106
0.100106
0.100106
0.100106
0.100106
0.100106
0.100106
0.100106
0.100106
0.100106
0.100106
0.100106
0.100106
0.100106
0.100106
0.100106
0.100106
0.100106
0.100106
0.100106
0.100106
0.100106
0.100106
0.100106
0.100106
0.100106
0.100106
0.100106
0.100106
0.100106
0.100106
0.100106
0.100106
0.100106
0.100106
0.100106
0.100106
0.100106
0.100106
0.100106
0.100106
0.100106
0.100106
0.100106
0.100106
0.100106
0.100106
0.100106
0.100106
0.100106
0.100106
0.100106
0.100106
0.100106
0.100106
0.100106
0.100106
0.100106
0.100106
0.100107
0.100107
0.100107
0.100107
0.100107
0.100107
0.100107
0.100107
0.100107
0.100107
0.100107
0.100107
0.100107
0.100107
0.100107
0.100107
0.100107
0.100107
0.100107
0.100107
0.100107
0.100107
0.100107
0.100107
0.100107
0.100107
0.100107
0.100107
0.100107
0.100107
0.100107
0.100107
0.100107
0.100107
0.100107
0.100107
0.100107
0.100107
0.100107
0.100107
0.100107
0.100107
0.100107
0.100107
0.100107
0.100107
0.100107
0.100107
0.100107
0.100107
0.100107
0.100107
0.100107
0.100107
0.100107
0.100107
0.100107
0.100107
0.100107
0.100107
0.100107
0.100107
0.100107
0.100107
0.100107
0.100107
0.100107
0.100107
0.100107
0.100107
0.100107
0.100107
0.100107
0.100107
0.100107
0.100107
0.100107
0.100107
0.100107
0.100107
0.100107
0.100107
0.100107
0.100107
0.100107
0.100107
0.100107
0.100107
0.100107
0.100107
0.100107
0.100107
0.100107
0.100107
0.100107
0.100107
0.100107
0.100107
0.100107
0.100107
0.100107
0.100107
0.100107
0.100107
0.100107
0.100107
0.100107
0.100107
0.100107
0.100107
0.100107
0.100107
0.100107
0.100107
0.100107
0.100107
0.100107
0.100107
0.100107
0.100107
0.100107
0.100107
0.100107
0.100107
0.100107
0.100107
0.100107
0.100107
0.100107
0.100107
0.100107
0.100107
0.100107
0.100107
0.100107
0.100107
0.100107
0.100107
0.100107
0.100107
0.100107
0.100107
0.100107
0.100107
0.100107
0.100107
0.100107
0.100107
0.100107
0.100107
0.100107
0.100107
0.100107
0.100107
0.100107
0.100107
0.100107
0.100107
0.100107
0.100107
0.100107
0.100107
0.100107
0.100107
0.100108
0.100108
0.100108
0.100108
0.100108
0.100108
0.100108
0.100108
0.100108
0.100108
0.100108
0.100108
0.100108
0.100108
0.100108
0.100108
0.100108
0.100108
0.100108
0.100108
0.100108
0.100108
0.100108
0.100108
0.100108
0.100108
0.100108
0.100108
0.100108
0.100108
0.100108
0.100108
0.100108
0.100108
0.100108
0.100108
0.100108
0.100108
0.100108
0.100108
0.100108
0.100108
0.100108
0.100108
0.100108
0.100108
0.100108
0.100108
0.100108
0.100108
0.100108
0.100108
0.100108
0.100108
0.100108
0.100108
0.100108
0.100108
0.100108
0.100108
0.100108
0.100108
0.100108
0.100108
0.100108
0.100108
0.100108
0.100108
0.100108
0.100108
0.100108
0.100108
0.100108
0.100108
0.100108
0.100108
0.100108
0.100108
0.100108
0.100108
0.100108
0.100108
0.100108
0.100108
0.100108
0.100108
0.100108
0.100108
0.100108
0.100108
0.100108
0.100108
0.100108
0.100108
0.100108
0.100108
0.100108
0.100108
0.100108
0.100108
0.100108
0.100108
0.100108
0.100108
0.100108
0.100108
0.100108
0.100108
0.100108
0.100108
0.100108
0.100108
0.100108
0.100108
0.100108
0.100108
0.100108
0.100108
0.100108
0.100108
0.100108
0.100108
0.100108
0.100108
0.100108
0.100108
0.100109
0.100109
0.100109
0.100109
0.100109
0.100109
0.100109
0.100109
0.100109
0.100109
0.100109
0.100109
0.100109
0.100109
0.100109
0.100109
0.100109
0.100109
0.100109
0.100109
0.100109
0.100109
0.100109
0.100109
0.100109
0.100109
0.100109
0.100109
0.100109
0.100109
0.100109
0.100109
0.100109
0.100109
0.100109
0.100109
0.100109
0.100109
0.100109
0.100109
0.100109
0.100109
0.100109
0.100109
0.100109
0.100109
0.100109
0.100109
0.100109
0.100109
0.100109
0.100109
0.100109
0.100109
0.100109
0.100109
0.100109
0.100109
0.100109
0.100109
0.100109
0.100109
0.100109
0.100109
0.100109
0.100109
0.100109
0.100109
0.100109
0.100109
0.100109
0.100109
0.100109
0.100109
0.100109
0.100109
0.100109
0.100109
0.100109
0.100109
0.100109
0.100109
0.100109
0.100109
0.100109
0.100109
0.100109
0.100109
0.100109
0.100109
0.100109
0.100109
0.100109
0.100109
0.100109
0.100109
0.100109
0.100109
0.100109
0.100109
0.100109
0.100109
0.100109
0.100109
0.100109
0.100109
0.100109
0.100109
0.100109
0.100109
0.100109
0.100109
0.100109
0.100109
0.100109
0.100109
0.100109
0.100109
0.100109
0.100109
0.100109
0.100109
0.100109
0.100109
0.100109
0.100109
0.100109
0.100109
0.100109
0.100109
0.100109
0.100109
0.100109
0.100109
0.100109
0.100109
0.100109
0.100109
0.100110
0.100110
0.100110
0.100110
0.100110
0.100110
0.100110
0.100110
0.100110
0.100110
0.100110
0.100110
0.100110
0.100110
0.100110
0.100110
0.100110
0.100110
0.100110
0.100110
0.100110
0.100110
0.100110
0.100110
0.100110
0.100110
0.100110
0.100110
0.100110
0.100110
0.100110
0.100110
0.100110
0.100110
0.100110
0.100110
0.100110
0.100110
0.100110
0.100110
0.100110
0.100110
0.100110
0.100110
0.100110
0.100110
0.100110
0.100110
0.100110
0.100110
0.100110
0.100110
0.100110
0.100110
0.100110
0.100110
0.100110
0.100110
0.100110
0.100110
0.100110
0.100110
0.100110
0.100110
0.100110
0.100110
0.100110
0.100110
0.100110
0.100110
0.100110
0.100110
0.100110
0.100110
0.100110
0.100110
0.100110
0.100110
0.100110
0.100110
0.100110
0.100110
0.100110
0.100110
0.100110
0.100110
0.100110
0.100110
0.100110
0.100110
0.100110
0.100110
0.100110
0.100110
0.100110
0.100110
0.100110
0.100110
0.100110
0.100110
0.100110
0.100110
0.100110
0.100110
0.100110
0.100110
0.100110
0.100110
0.100110
0.100110
0.100110
0.100110
0.100110
0.100110
0.100110
0.100110
0.100110
0.100110
0.100110
0.100110
0.100111
0.100111
0.100111
0.100111
0.100111
0.100111
0.100111
0.100111
0.100111
0.100111
0.100111
0.100111
0.100111
0.100111
0.100111
0.100111
0.100111
0.100111
0.100111
0.100111
0.100111
0.100111
0.100111
0.100111
0.100111
0.100111
0.100111
0.100111
0.100111
0.100111
0.100111
0.100111
0.100111
0.100111
0.100111
0.100111
0.100111
0.100111
0.100111
0.100111
0.100111
0.100111
0.100111
0.100111
0.100111
0.100111
0.100111
0.100111
0.100111
0.100111
0.100111
0.100111
0.100111
0.100111
0.100111
0.100111
0.100111
0.100111
0.100111
0.100111
0.100111
0.100111
0.100111
0.100111
0.100111
0.100111
0.100111
0.100111
0.100111
0.100111
0.100111
0.100111
0.100111
0.100111
0.100111
0.100111
0.100111
0.100111
0.100111
0.100111
0.100111
0.100111
0.100111
0.100111
0.100111
0.100111
0.100111
0.100111
0.100111
0.100111
0.100111
0.100111
0.100111
0.100111
0.100111
0.100111
0.100111
0.100111
0.100111
0.100111
0.100111
0.100111
0.100111
0.100111
0.100111
0.100111
0.100111
0.100111
0.100111
0.100111
0.100111
0.100111
0.100111
0.100111
0.100111
0.100111
0.100111
0.100111
0.100111
0.100111
0.100111
0.100111
0.100111
0.100111
0.100111
0.100111
0.100111
0.100111
0.100111
0.100112
0.100112
0.100112
0.100112
0.100112
0.100112
0.100112
0.100112
0.100112
0.100112
0.100112
0.100112
0.100112
0.100112
0.100112
0.100112
0.100112
0.100112
0.100112
0.100112
0.100112
0.100112
0.100112
0.100112
0.100112
0.100112
0.100112
0.100112
0.100112
0.100112
0.100112
0.100112
0.100112
0.100112
0.100112
0.100112
0.100112
0.100112
0.100112
0.100112
0.100112
0.100112
0.100112
0.100112
0.100112
0.100112
0.100112
0.100112
0.100112
0.100112
0.100112
0.100112
0.100112
0.100112
0.100112
0.100112
0.100112
0.100112
0.100112
0.100112
0.100112
0.100112
0.100112
0.100112
0.100112
0.100112
0.100112
0.100112
0.100112
0.100112
0.100112
0.100112
0.100112
0.100112
0.100112
0.100112
0.100112
0.100112
0.100112
0.100112
0.100112
0.100112
0.100112
0.100112
0.100112
0.100112
0.100112
0.100112
0.100112
0.100112
0.100112
0.100112
0.100112
0.100112
0.100112
0.100112
0.100112
0.100112
0.100112
0.100112
0.100112
0.100112
0.100112
0.100112
0.100112
0.100112
0.100112
0.100112
0.100112
0.100112
0.100112
0.100112
0.100112
0.100112
0.100112
0.100112
0.100112
0.100112
0.100112
0.100112
0.100112
0.100112
0.100112
0.100112
0.100112
0.100112
0.100112
0.100112
0.100112
0.100112
0.100112
0.100112
0.100112
0.100112
0.100112
0.100112
0.100112
0.100112
0.100112
0.100112
0.100112
0.100112
0.100112
0.100112
0.100112
0.100112
0.100112
0.100112
0.100112
0.100112
0.100112
0.100112
0.100112
0.100112
0.100112
0.100112
0.100112
0.100112
0.100112
0.100112
0.100112
0.100112
0.100112
0.100112
0.100112
0.100112
0.100112
0.100112
0.100112
0.100112
0.100112
0.100112
0.100112
0.100112
0.100112
0.100112
0.100112
0.100112
0.100112
0.100113
0.100113
0.100113
0.100113
0.100113
0.100113
0.100113
0.100113
0.100113
0.100113
0.100113
0.100113
0.100113
0.100113
0.100113
0.100113
0.100113
0.100113
0.100113
0.100113
0.100113
0.100113
0.100113
0.100113
0.100113
0.100113
0.100113
0.100113
0.100113
0.100113
0.100113
0.100113
0.100113
0.100113
0.100113
0.100113
0.100113
0.100113
0.100113
0.100113
0.100113
0.100113
0.100113
0.100113
0.100113
0.100113
0.100113
0.100113
0.100113
0.100113
0.100113
0.100113
0.100113
0.100113
0.100113
0.100113
0.100113
0.100113
0.100113
0.100113
0.100113
0.100113
0.100113
0.100113
0.100113
0.100113
0.100113
0.100113
0.100113
0.100113
0.100113
0.100113
0.100113
0.100113
0.100113
0.100113
0.100113
0.100113
0.100113
0.100113
0.100113
0.100113
0.100113
0.100113
0.100113
0.100113
0.100113
0.100113
0.100113
0.100113
0.100113
0.100113
0.100113
0.100113
0.100113
0.100113
0.100113
0.100113
0.100113
0.100113
0.100113
0.100113
0.100113
0.100113
0.100113
0.100113
0.100113
0.100113
0.100113
0.100113
0.100113
0.100113
0.100113
0.100113
0.100113
0.100113
0.100113
0.100113
0.100113
0.100113
0.100113
0.100113
0.100113
0.100113
0.100113
0.100113
0.100113
0.100113
0.100113
0.100113
0.100113
0.100113
0.100113
0.100113
0.100113
0.100113
0.100113
0.100113
0.100113
0.100113
0.100113
0.100113
0.100113
0.100113
0.100113
0.100113
0.100113
0.100113
0.100113
0.100113
0.100113
0.100113
0.100113
0.100113
0.100113
0.100113
0.100113
0.100113
0.100113
0.100113
0.100113
0.100113
0.100113
0.100113
0.100113
0.100113
0.100113
0.100113
0.100113
0.100113
0.100113
0.100113
0.100113
0.100113
0.100113
0.100113
0.100113
0.100113
0.100113
0.100113
0.100114
0.100114
0.100114
0.100114
0.100114
0.100114
0.100114
0.100114
0.100114
0.100114
0.100114
0.100114
0.100114
0.100114
0.100114
0.100114
0.100114
0.100114
0.100114
0.100114
0.100114
0.100114
0.100114
0.100114
0.100114
0.100114
0.100114
0.100114
0.100114
0.100114
0.100114
0.100114
0.100114
0.100114
0.100114
0.100114
0.100114
0.100114
0.100114
0.100114
0.100114
0.100114
0.100114
0.100114
0.100114
0.100114
0.100114
0.100114
0.100114
0.100114
0.100114
0.100114
0.100114
0.100114
0.100114
0.100114
0.100114
0.100114
0.100114
0.100114
0.100114
0.100114
0.100114
0.100114
0.100114
0.100114
0.100114
0.100114
0.100114
0.100114
0.100114
0.100114
0.100114
0.100114
0.100114
0.100114
0.100114
0.100114
0.100114
0.100114
0.100114
0.100114
0.100114
0.100114
0.100114
0.100114
0.100114
0.100114
0.100114
0.100114
0.100114
0.100114
0.100114
0.100114
0.100114
0.100114
0.100114
0.100114
0.100114
0.100114
0.100114
0.100114
0.100114
0.100114
0.100114
0.100114
0.100114
0.100114
0.100114
0.100114
0.100114
0.100114
0.100114
0.100114
0.100114
0.100114
0.100114
0.100114
0.100114
0.100114
0.100114
0.100114
0.100115
0.100115
0.100115
0.100115
0.100115
0.100115
0.100115
0.100115
0.100115
0.100115
0.100115
0.100115
0.100115
0.100115
0.100115
0.100115
0.100115
0.100115
0.100115
0.100115
0.100115
0.100115
0.100115
0.100115
0.100115
0.100115
0.100115
0.100115
0.100115
0.100115
0.100115
0.100115
0.100115
0.100115
0.100115
0.100115
0.100115
0.100115
0.100115
0.100115
0.100115
0.100115
0.100115
0.100115
0.100115
0.100115
0.100115
0.100115
0.100115
0.100115
0.100115
0.100115
0.100115
0.100115
0.100115
0.100115
0.100115
0.100115
0.100115
0.100115
0.100115
0.100115
0.100115
0.100115
0.100115
0.100115
0.100115
0.100115
0.100115
0.100115
0.100115
0.100116
0.100116
0.100116
0.100116
0.100116
0.100116
0.100116
0.100116
0.100116
0.100116
0.100116
0.100116
0.100116
0.100116
0.100116
0.100116
0.100116
0.100116
0.100116
0.100116
0.100116
0.100116
0.100116
0.100116
0.100116
0.100116
0.100116
0.100116
0.100116
0.100116
0.100116
0.100116
0.100116
0.100116
0.100116
0.100116
0.100116
0.100116
0.100116
0.100116
0.100116
0.100116
0.100116
0.100116
0.100116
0.100116
0.100116
0.100116
0.100116
0.100116
0.100116
0.100116
0.100116
0.100116
0.100117
0.100117
0.100117
0.100117
0.100117
0.100117
0.100117
0.100117
0.100117
0.100117
0.100117
0.100117
0.100117
0.100117
0.100117
0.100117
0.100117
0.100117
0.100117
0.100117
0.100117
0.100117
0.100117
0.100117
0.100117
0.100117
0.100117
0.100117
0.100117
0.100117
0.100117
0.100117
0.100117
0.100117
0.100117
0.100117
0.100117
0.100118
0.100118
0.100118
0.100118
0.100118
0.100118
0.100118
0.100118
0.100118
0.100118
0.100118
0.100118
0.100118
0.100118
0.100118
0.100118
0.100118
0.100118
0.100118
0.100119
0.100119
0.100119
0.100119
0.100119
0.100119
0.100119
0.100119
0.100119
0.100119
0.100119
0.100119
0.100119
0.100119
0.100119
0.100119
0.100119
0.100120
0.100120
0.100120
0.100120
0.100120
0.100120
0.100120
0.100120
0.100120
0.100120
0.100120
0.100120
0.100120
0.100120
0.100120
0.100120
0.100120
0.100120
0.100120
0.100121
0.100121
0.100121
0.100121
0.100121
0.100121
0.100121
0.100121
0.100121
0.100121
0.100122
0.100122
0.100122
0.100122
0.100122
0.100122
0.100122
0.100123
0.100124
0.100125
0.100125
0.100125
0.100125
0.100125
0.100126
0.100127
0.100127
0.100127
0.100127
0.100128
0.100128
0.100128
0.100128
0.100129
0.100129
0.100129
0.100129
0.100129
0.100130
0.100130
0.100130
0.100130
0.100130
0.100130
0.100131
0.100131
0.100131
0.100131
0.100131
0.100131
0.100132
0.100132
0.100132
0.100132
0.100132
0.100132
0.100132
0.100132
0.100132
0.100133
0.100134
0.100134
0.100134
0.100135
0.100135
0.100135
0.100135
0.100136
0.100136
0.100136
0.100137
0.100137
0.100137
0.100137
0.100138
0.100138
0.100139
0.100139
0.100140
0.100141
0.100142
0.100143
0.100144
0.100145
0.100145
0.100145
0.100145
0.100147
0.100147
0.100147
0.100147
0.100148
0.100149
0.100150
0.100150
0.100151
0.100151
0.100153
0.100153
0.100154
0.100154
0.100155
0.100156
0.100156
0.100158
0.100159
0.100159
0.100159
0.100160
0.100160
0.100164
0.100165
0.100165
0.100167
0.100168
0.100168
0.100170
0.100172
0.100173
0.100175
0.100180
0.100181
0.100184
0.100187
0.100189
0.100190
0.100191
0.100191
0.100195
0.100202
0.100205
0.100205
0.100208
0.100211
0.100212
0.100215
0.100221
0.100227
0.100229
0.100234
0.100251
0.100251
0.100271
0.100281
0.100293
0.100302
0.100308
0.100309
0.100314
0.100323
0.100332
0.100340
0.100344
0.100357
0.100360
0.100366
0.100367
0.100368
0.100379
0.100402
0.100540
0.100683
0.100888
Minimum: 0.100060
Maximum: 0.100888
Mean: 0.100106
Median: 0.100102
Standard Deviation: 0.000021
