0.100063
0.100065
0.100070
0.100072
0.100073
0.100077
0.100079
0.100080
0.100082
0.100082
0.100083
0.100083
0.100083
0.100083
0.100084
0.100084
0.100084
0.100085
0.100085
0.100085
0.100085
0.100086
0.100086
0.100086
0.100086
0.100086
0.100087
0.100087
0.100087
0.100088
0.100088
0.100089
0.100090
0.100090
0.100090
0.100091
0.100092
0.100092
0.100092
0.100092
0.100093
0.100093
0.100094
0.100094
0.100094
0.100094
0.100094
0.100095
0.100095
0.100095
0.100095
0.100095
0.100095
0.100095
0.100095
0.100095
0.100095
0.100095
0.100095
0.100095
0.100095
0.100095
0.100095
0.100095
0.100095
0.100096
0.100096
0.100096
0.100096
0.100096
0.100096
0.100096
0.100096
0.100096
0.100096
0.100096
0.100096
0.100096
0.100096
0.100096
0.100096
0.100096
0.100096
0.100096
0.100096
0.100096
0.100096
0.100096
0.100096
0.100096
0.100096
0.100096
0.100096
0.100096
0.100096
0.100096
0.100096
0.100096
0.100096
0.100096
0.100096
0.100096
0.100096
0.100096
0.100096
0.100096
0.100096
0.100096
0.100096
0.100096
0.100096
0.100096
0.100096
0.100096
0.100096
0.100096
0.100096
0.100096
0.100096
0.100096
0.100096
0.100096
0.100096
0.100096
0.100096
0.100096
0.100096
0.100096
0.100096
0.100096
0.100096
0.100096
0.100096
0.100096
0.100096
0.100096
0.100096
0.100096
0.100096
0.100096
0.100096
0.100096
0.100096
0.100096
0.100096
0.100096
0.100096
0.100096
0.100096
0.100096
0.100096
0.100096
0.100096
0.100096
0.100096
0.100096
0.100096
0.100096
0.100096
0.100096
0.100096
0.100096
0.100096
0.100096
0.100096
0.100096
0.100096
0.100096
0.100096
0.100096
0.100096
0.100096
0.100096
0.100097
0.100097
0.100097
0.100097
0.100097
0.100097
0.100097
0.100097
0.100097
0.100097
0.100097
0.100097
0.100097
0.100097
0.100097
0.100097
0.100097
0.100097
0.100097
0.100097
0.100097
0.100097
0.100097
0.100097
0.100097
0.100097
0.100097
0.100097
0.100097
0.100097
0.100097
0.100097
0.100097
0.100097
0.100097
0.100097
0.100097
0.100097
0.100097
0.100097
0.100097
0.100097
0.100097
0.100097
0.100097
0.100097
0.100097
0.100097
0.100097
0.100097
0.100097
0.100097
0.100097
0.100097
0.100097
0.100097
0.100097
0.100097
0.100097
0.100097
0.100097
0.100097
0.100097
0.100097
0.100097
0.100097
0.100097
0.100097
0.100097
0.100097
0.100097
0.100097
0.100097
0.100097
0.100097
0.100097
0.100097
0.100097
0.100097
0.100097
0.100097
0.100097
0.100097
0.100097
0.100097
0.100097
0.100097
0.100097
0.100097
0.100097
0.100097
0.100097
0.100097
0.100097
0.100097
0.100097
0.100097
0.100097
0.100097
0.100097
0.100097
0.100097
0.100097
0.100097
0.100097
0.100097
0.100097
0.100097
0.100097
0.100097
0.100097
0.100097
0.100097
0.100097
0.100097
0.100097
0.100097
0.100097
0.100097
0.100097
0.100097
0.100097
0.100097
0.100097
0.100097
0.100097
0.100097
0.100097
0.100097
0.100097
0.100097
0.100097
0.100097
0.100097
0.100097
0.100097
0.100097
0.100097
0.100097
0.100097
0.100097
0.100097
0.100097
0.100097
0.100097
0.100097
0.100097
0.100097
0.100097
0.100097
0.100097
0.100097
0.100097
0.100097
0.100097
0.100097
0.100097
0.100097
0.100097
0.100097
0.100097
0.100097
0.100097
0.100097
0.100097
0.100097
0.100097
0.100097
0.100097
0.100097
0.100097
0.100097
0.100097
0.100097
0.100097
0.100097
0.100097
0.100097
0.100097
0.100097
0.100097
0.100097
0.100097
0.100097
0.100097
0.100097
0.100097
0.100097
0.100097
0.100097
0.100097
0.100097
0.100097
0.100097
0.100097
0.100097
0.100097
0.100097
0.100097
0.100097
0.100097
0.100097
0.100097
0.100097
0.100097
0.100097
0.100097
0.100097
0.100097
0.100097
0.100097
0.100097
0.100097
0.100097
0.100097
0.100097
0.100097
0.100097
0.100097
0.100097
0.100097
0.100097
0.100097
0.100097
0.100097
0.100097
0.100097
0.100097
0.100097
0.100097
0.100097
0.100097
0.100097
0.100097
0.100097
0.100097
0.100097
0.100097
0.100097
0.100097
0.100097
0.100097
0.100097
0.100097
0.100097
0.100097
0.100097
0.100097
0.100097
0.100097
0.100097
0.100097
0.100097
0.100097
0.100097
0.100097
0.100097
0.100097
0.100097
0.100097
0.100097
0.100097
0.100097
0.100097
0.100097
0.100097
0.100097
0.100097
0.100097
0.100097
0.100097
0.100097
0.100097
0.100097
0.100097
0.100097
0.100097
0.100097
0.100097
0.100097
0.100097
0.100097
0.100097
0.100097
0.100097
0.100097
0.100097
0.100097
0.100097
0.100097
0.100097
0.100097
0.100097
0.100097
0.100097
0.100097
0.100097
0.100097
0.100097
0.100097
0.100097
0.100097
0.100097
0.100097
0.100097
0.100097
0.100097
0.100097
0.100097
0.100097
0.100097
0.100097
0.100097
0.100097
0.100097
0.100097
0.100097
0.100097
0.100097
0.100097
0.100097
0.100097
0.100097
0.100097
0.100097
0.100097
0.100097
0.100097
0.100097
0.100097
0.100097
0.100097
0.100097
0.100097
0.100097
0.100097
0.100098
0.100098
0.100098
0.100098
0.100098
0.100098
0.100098
0.100098
0.100098
0.100098
0.100098
0.100098
0.100098
0.100098
0.100098
0.100098
0.100098
0.100098
0.100098
0.100098
0.100098
0.100098
0.100098
0.100098
0.100098
0.100098
0.100098
0.100098
0.100098
0.100098
0.100098
0.100098
0.100098
0.100098
0.100098
0.100098
0.100098
0.100098
0.100098
0.100098
0.100098
0.100098
0.100098
0.100098
0.100098
0.100098
0.100098
0.100098
0.100098
0.100098
0.100098
0.100098
0.100098
0.100098
0.100098
0.100098
0.100098
0.100098
0.100098
0.100098
0.100098
0.100098
0.100098
0.100098
0.100098
0.100098
0.100098
0.100098
0.100098
0.100098
0.100098
0.100098
0.100098
0.100098
0.100098
0.100098
0.100098
0.100098
0.100098
0.100098
0.100098
0.100098
0.100098
0.100098
0.100098
0.100098
0.100098
0.100098
0.100098
0.100098
0.100098
0.100098
0.100098
0.100098
0.100098
0.100098
0.100098
0.100098
0.100098
0.100098
0.100098
0.100098
0.100098
0.100098
0.100098
0.100098
0.100098
0.100098
0.100098
0.100098
0.100098
0.100098
0.100098
0.100098
0.100098
0.100098
0.100098
0.100098
0.100098
0.100098
0.100098
0.100098
0.100098
0.100098
0.100098
0.100098
0.100098
0.100098
0.100098
0.100098
0.100098
0.100098
0.100098
0.100098
0.100098
0.100098
0.100098
0.100098
0.100098
0.100098
0.100098
0.100098
0.100098
0.100098
0.100098
0.100098
0.100098
0.100098
0.100098
0.100098
0.100098
0.100098
0.100098
0.100098
0.100098
0.100098
0.100098
0.100098
0.100098
0.100098
0.100098
0.100098
0.100098
0.100098
0.100098
0.100098
0.100098
0.100098
0.100098
0.100098
0.100098
0.100098
0.100098
0.100098
0.100098
0.100098
0.100098
0.100098
0.100098
0.100098
0.100098
0.100098
0.100098
0.100098
0.100098
0.100098
0.100098
0.100098
0.100098
0.100098
0.100098
0.100098
0.100098
0.100098
0.100098
0.100098
0.100098
0.100098
0.100098
0.100098
0.100098
0.100098
0.100098
0.100098
0.100098
0.100098
0.100098
0.100098
0.100098
0.100098
0.100098
0.100098
0.100098
0.100098
0.100098
0.100098
0.100098
0.100098
0.100098
0.100098
0.100098
0.100098
0.100098
0.100098
0.100098
0.100098
0.100098
0.100098
0.100098
0.100098
0.100098
0.100098
0.100098
0.100098
0.100098
0.100098
0.100098
0.100098
0.100098
0.100098
0.100098
0.100098
0.100098
0.100098
0.100098
0.100098
0.100098
0.100098
0.100098
0.100098
0.100098
0.100098
0.100098
0.100098
0.100098
0.100098
0.100098
0.100098
0.100098
0.100098
0.100098
0.100098
0.100098
0.100098
0.100098
0.100098
0.100098
0.100098
0.100098
0.100098
0.100098
0.100098
0.100098
0.100098
0.100098
0.100098
0.100098
0.100098
0.100098
0.100098
0.100098
0.100098
0.100098
0.100098
0.100098
0.100098
0.100098
0.100098
0.100098
0.100098
0.100098
0.100098
0.100098
0.100098
0.100098
0.100098
0.100098
0.100098
0.100098
0.100098
0.100098
0.100098
0.100098
0.100098
0.100098
0.100098
0.100098
0.100098
0.100098
0.100098
0.100098
0.100098
0.100098
0.100098
0.100098
0.100098
0.100098
0.100098
0.100098
0.100098
0.100098
0.100098
0.100098
0.100098
0.100098
0.100098
0.100098
0.100098
0.100098
0.100098
0.100098
0.100098
0.100098
0.100098
0.100098
0.100098
0.100098
0.100098
0.100098
0.100098
0.100098
0.100098
0.100098
0.100098
0.100098
0.100098
0.100098
0.100098
0.100098
0.100098
0.100098
0.100098
0.100098
0.100098
0.100098
0.100098
0.100098
0.100098
0.100098
0.100098
0.100098
0.100098
0.100098
0.100098
0.100098
0.100098
0.100098
0.100098
0.100098
0.100098
0.100098
0.100098
0.100098
0.100098
0.100098
0.100098
0.100098
0.100098
0.100098
0.100098
0.100098
0.100098
0.100098
0.100098
0.100098
0.100098
0.100098
0.100098
0.100098
0.100098
0.100098
0.100098
0.100098
0.100098
0.100098
0.100098
0.100098
0.100098
0.100098
0.100098
0.100098
0.100098
0.100098
0.100098
0.100098
0.100098
0.100098
0.100098
0.100098
0.100098
0.100098
0.100098
0.100098
0.100098
0.100098
0.100098
0.100098
0.100098
0.100098
0.100098
0.100098
0.100098
0.100098
0.100098
0.100098
0.100098
0.100098
0.100098
0.100098
0.100098
0.100098
0.100098
0.100098
0.100098
0.100098
0.100098
0.100098
0.100098
0.100098
0.100098
0.100098
0.100098
0.100098
0.100098
0.100098
0.100098
0.100098
0.100098
0.100098
0.100098
0.100098
0.100098
0.100098
0.100098
0.100098
0.100098
0.100098
0.100098
0.100098
0.100098
0.100098
0.100098
0.100098
0.100098
0.100098
0.100098
0.100098
0.100098
0.100098
0.100098
0.100098
0.100098
0.100098
0.100098
0.100098
0.100098
0.100098
0.100098
0.100098
0.100098
0.100098
0.100098
0.100098
0.100098
0.100098
0.100098
0.100098
0.100098
0.100098
0.100098
0.100098
0.100098
0.100098
0.100098
0.100098
0.100098
0.100098
0.100098
0.100098
0.100098
0.100098
0.100098
0.100098
0.100098
0.100098
0.100098
0.100098
0.100098
0.100098
0.100098
0.100098
0.100098
0.100098
0.100098
0.100098
0.100098
0.100098
0.100098
0.100098
0.100098
0.100098
0.100098
0.100098
0.100098
0.100098
0.100098
0.100098
0.100098
0.100098
0.100098
0.100098
0.100098
0.100098
0.100098
0.100098
0.100098
0.100098
0.100098
0.100098
0.100098
0.100098
0.100098
0.100098
0.100098
0.100098
0.100098
0.100098
0.100098
0.100098
0.100098
0.100098
0.100098
0.100098
0.100098
0.100098
0.100098
0.100098
0.100098
0.100098
0.100098
0.100098
0.100098
0.100098
0.100098
0.100098
0.100098
0.100098
0.100098
0.100098
0.100098
0.100098
0.100098
0.100098
0.100098
0.100098
0.100098
0.100099
0.100099
0.100099
0.100099
0.100099
0.100099
0.100099
0.100099
0.100099
0.100099
0.100099
0.100099
0.100099
0.100099
0.100099
0.100099
0.100099
0.100099
0.100099
0.100099
0.100099
0.100099
0.100099
0.100099
0.100099
0.100099
0.100099
0.100099
0.100099
0.100099
0.100099
0.100099
0.100099
0.100099
0.100099
0.100099
0.100099
0.100099
0.100099
0.100099
0.100099
0.100099
0.100099
0.100099
0.100099
0.100099
0.100099
0.100099
0.100099
0.100099
0.100099
0.100099
0.100099
0.100099
0.100099
0.100099
0.100099
0.100099
0.100099
0.100099
0.100099
0.100099
0.100099
0.100099
0.100099
0.100099
0.100099
0.100099
0.100099
0.100099
0.100099
0.100099
0.100099
0.100099
0.100099
0.100099
0.100099
0.100099
0.100099
0.100099
0.100099
0.100099
0.100099
0.100099
0.100099
0.100099
0.100099
0.100099
0.100099
0.100099
0.100099
0.100099
0.100099
0.100099
0.100099
0.100099
0.100099
0.100099
0.100099
0.100099
0.100099
0.100099
0.100099
0.100099
0.100099
0.100099
0.100099
0.100099
0.100099
0.100099
0.100099
0.100099
0.100099
0.100099
0.100099
0.100099
0.100099
0.100099
0.100099
0.100099
0.100099
0.100099
0.100099
0.100099
0.100099
0.100099
0.100099
0.100099
0.100099
0.100099
0.100099
0.100099
0.100099
0.100099
0.100099
0.100099
0.100099
0.100099
0.100099
0.100099
0.100099
0.100099
0.100099
0.100099
0.100099
0.100099
0.100099
0.100099
0.100099
0.100099
0.100099
0.100099
0.100099
0.100099
0.100099
0.100099
0.100099
0.100099
0.100099
0.100099
0.100099
0.100099
0.100099
0.100099
0.100099
0.100099
0.100099
0.100099
0.100099
0.100099
0.100099
0.100099
0.100099
0.100099
0.100099
0.100099
0.100099
0.100099
0.100099
0.100099
0.100099
0.100099
0.100099
0.100099
0.100099
0.100099
0.100099
0.100099
0.100099
0.100099
0.100099
0.100099
0.100099
0.100099
0.100099
0.100099
0.100099
0.100099
0.100099
0.100099
0.100099
0.100099
0.100099
0.100099
0.100099
0.100099
0.100099
0.100099
0.100099
0.100099
0.100099
0.100099
0.100099
0.100099
0.100099
0.100099
0.100099
0.100099
0.100099
0.100099
0.100099
0.100099
0.100099
0.100099
0.100099
0.100099
0.100099
0.100099
0.100099
0.100099
0.100099
0.100099
0.100099
0.100099
0.100099
0.100099
0.100099
0.100099
0.100099
0.100099
0.100099
0.100099
0.100099
0.100099
0.100099
0.100099
0.100099
0.100099
0.100099
0.100099
0.100099
0.100099
0.100099
0.100099
0.100099
0.100099
0.100099
0.100099
0.100099
0.100099
0.100099
0.100099
0.100099
0.100099
0.100099
0.100099
0.100099
0.100099
0.100099
0.100099
0.100099
0.100099
0.100099
0.100099
0.100099
0.100099
0.100099
0.100099
0.100099
0.100099
0.100099
0.100099
0.100099
0.100099
0.100099
0.100099
0.100099
0.100099
0.100099
0.100099
0.100099
0.100099
0.100099
0.100099
0.100099
0.100099
0.100099
0.100099
0.100099
0.100099
0.100099
0.100099
0.100099
0.100099
0.100099
0.100099
0.100099
0.100099
0.100099
0.100099
0.100099
0.100099
0.100099
0.100099
0.100099
0.100099
0.100099
0.100099
0.100099
0.100099
0.100099
0.100099
0.100099
0.100099
0.100099
0.100099
0.100099
0.100099
0.100099
0.100099
0.100099
0.100099
0.100099
0.100099
0.100099
0.100099
0.100099
0.100099
0.100099
0.100099
0.100099
0.100099
0.100099
0.100099
0.100099
0.100099
0.100099
0.100099
0.100099
0.100099
0.100099
0.100099
0.100099
0.100099
0.100099
0.100099
0.100099
0.100099
0.100099
0.100099
0.100099
0.100099
0.100099
0.100099
0.100099
0.100099
0.100099
0.100099
0.100099
0.100099
0.100099
0.100099
0.100099
0.100099
0.100099
0.100099
0.100099
0.100099
0.100099
0.100099
0.100099
0.100099
0.100099
0.100099
0.100099
0.100099
0.100099
0.100099
0.100099
0.100099
0.100099
0.100099
0.100099
0.100099
0.100099
0.100099
0.100099
0.100099
0.100099
0.100099
0.100099
0.100099
0.100099
0.100099
0.100099
0.100099
0.100099
0.100099
0.100099
0.100099
0.100099
0.100099
0.100099
0.100099
0.100099
0.100099
0.100099
0.100099
0.100099
0.100099
0.100099
0.100099
0.100099
0.100099
0.100099
0.100099
0.100099
0.100099
0.100099
0.100099
0.100099
0.100099
0.100099
0.100099
0.100099
0.100099
0.100099
0.100099
0.100099
0.100099
0.100099
0.100099
0.100099
0.100099
0.100099
0.100099
0.100099
0.100099
0.100099
0.100099
0.100099
0.100099
0.100099
0.100099
0.100099
0.100099
0.100099
0.100099
0.100099
0.100099
0.100099
0.100099
0.100099
0.100099
0.100099
0.100099
0.100099
0.100099
0.100099
0.100099
0.100099
0.100099
0.100099
0.100099
0.100099
0.100099
0.100099
0.100099
0.100099
0.100099
0.100099
0.100099
0.100099
0.100099
0.100099
0.100099
0.100099
0.100099
0.100099
0.100099
0.100099
0.100099
0.100099
0.100099
0.100099
0.100099
0.100099
0.100099
0.100099
0.100099
0.100099
0.100099
0.100099
0.100099
0.100099
0.100099
0.100099
0.100099
0.100099
0.100099
0.100099
0.100099
0.100099
0.100099
0.100099
0.100099
0.100099
0.100099
0.100099
0.100099
0.100099
0.100099
0.100099
0.100099
0.100099
0.100099
0.100099
0.100099
0.100099
0.100099
0.100099
0.100099
0.100099
0.100099
0.100099
0.100099
0.100099
0.100099
0.100099
0.100099
0.100099
0.100099
0.100099
0.100099
0.100099
0.100099
0.100099
0.100099
0.100099
0.100099
0.100099
0.100099
0.100099
0.100099
0.100099
0.100099
0.100099
0.100099
0.100099
0.100099
0.100099
0.100099
0.100099
0.100099
0.100099
0.100099
0.100099
0.100099
0.100099
0.100099
0.100099
0.100099
0.100099
0.100099
0.100099
0.100099
0.100099
0.100099
0.100099
0.100099
0.100099
0.100099
0.100099
0.100099
0.100099
0.100099
0.100099
0.100099
0.100099
0.100099
0.100099
0.100099
0.100099
0.100099
0.100099
0.100099
0.100099
0.100099
0.100099
0.100099
0.100099
0.100099
0.100099
0.100099
0.100099
0.100099
0.100099
0.100099
0.100099
0.100099
0.100099
0.100099
0.100099
0.100099
0.100099
0.100099
0.100099
0.100099
0.100099
0.100099
0.100099
0.100099
0.100099
0.100099
0.100099
0.100099
0.100099
0.100099
0.100099
0.100099
0.100099
0.100099
0.100099
0.100099
0.100099
0.100099
0.100099
0.100099
0.100099
0.100099
0.100099
0.100099
0.100099
0.100099
0.100099
0.100099
0.100099
0.100099
0.100099
0.100099
0.100099
0.100099
0.100099
0.100099
0.100099
0.100099
0.100099
0.100099
0.100099
0.100099
0.100099
0.100099
0.100099
0.100099
0.100099
0.100099
0.100099
0.100099
0.100099
0.100099
0.100099
0.100099
0.100099
0.100099
0.100099
0.100099
0.100099
0.100099
0.100099
0.100099
0.100099
0.100099
0.100099
0.100099
0.100099
0.100099
0.100099
0.100099
0.100099
0.100099
0.100099
0.100099
0.100099
0.100099
0.100099
0.100099
0.100099
0.100099
0.100099
0.100099
0.100099
0.100099
0.100099
0.100099
0.100099
0.100099
0.100099
0.100099
0.100099
0.100099
0.100099
0.100099
0.100099
0.100099
0.100099
0.100099
0.100099
0.100099
0.100099
0.100099
0.100099
0.100099
0.100099
0.100099
0.100099
0.100099
0.100099
0.100099
0.100099
0.100099
0.100099
0.100099
0.100099
0.100099
0.100099
0.100099
0.100099
0.100099
0.100099
0.100099
0.100099
0.100099
0.100099
0.100099
0.100099
0.100099
0.100099
0.100099
0.100099
0.100099
0.100099
0.100099
0.100099
0.100099
0.100099
0.100100
0.100100
0.100100
0.100100
0.100100
0.100100
0.100100
0.100100
0.100100
0.100100
0.100100
0.100100
0.100100
0.100100
0.100100
0.100100
0.100100
0.100100
0.100100
0.100100
0.100100
0.100100
0.100100
0.100100
0.100100
0.100100
0.100100
0.100100
0.100100
0.100100
0.100100
0.100100
0.100100
0.100100
0.100100
0.100100
0.100100
0.100100
0.100100
0.100100
0.100100
0.100100
0.100100
0.100100
0.100100
0.100100
0.100100
0.100100
0.100100
0.100100
0.100100
0.100100
0.100100
0.100100
0.100100
0.100100
0.100100
0.100100
0.100100
0.100100
0.100100
0.100100
0.100100
0.100100
0.100100
0.100100
0.100100
0.100100
0.100100
0.100100
0.100100
0.100100
0.100100
0.100100
0.100100
0.100100
0.100100
0.100100
0.100100
0.100100
0.100100
0.100100
0.100100
0.100100
0.100100
0.100100
0.100100
0.100100
0.100100
0.100100
0.100100
0.100100
0.100100
0.100100
0.100100
0.100100
0.100100
0.100100
0.100100
0.100100
0.100100
0.100100
0.100100
0.100100
0.100100
0.100100
0.100100
0.100100
0.100100
0.100100
0.100100
0.100100
0.100100
0.100100
0.100100
0.100100
0.100100
0.100100
0.100100
0.100100
0.100100
0.100100
0.100100
0.100100
0.100100
0.100100
0.100100
0.100100
0.100100
0.100100
0.100100
0.100100
0.100100
0.100100
0.100100
0.100100
0.100100
0.100100
0.100100
0.100100
0.100100
0.100100
0.100100
0.100100
0.100100
0.100100
0.100100
0.100100
0.100100
0.100100
0.100100
0.100100
0.100100
0.100100
0.100100
0.100100
0.100100
0.100100
0.100100
0.100100
0.100100
0.100100
0.100100
0.100100
0.100100
0.100100
0.100100
0.100100
0.100100
0.100100
0.100100
0.100100
0.100100
0.100100
0.100100
0.100100
0.100100
0.100100
0.100100
0.100100
0.100100
0.100100
0.100100
0.100100
0.100100
0.100100
0.100100
0.100100
0.100100
0.100100
0.100100
0.100100
0.100100
0.100100
0.100100
0.100100
0.100100
0.100100
0.100100
0.100100
0.100100
0.100100
0.100100
0.100100
0.100100
0.100100
0.100100
0.100100
0.100100
0.100100
0.100100
0.100100
0.100100
0.100100
0.100100
0.100100
0.100100
0.100100
0.100100
0.100100
0.100100
0.100100
0.100100
0.100100
0.100100
0.100100
0.100100
0.100100
0.100100
0.100100
0.100100
0.100100
0.100100
0.100100
0.100100
0.100100
0.100100
0.100100
0.100100
0.100100
0.100100
0.100100
0.100100
0.100100
0.100100
0.100100
0.100100
0.100100
0.100100
0.100100
0.100100
0.100100
0.100100
0.100100
0.100100
0.100100
0.100100
0.100100
0.100100
0.100100
0.100100
0.100100
0.100100
0.100100
0.100100
0.100100
0.100100
0.100100
0.100100
0.100100
0.100100
0.100100
0.100100
0.100100
0.100100
0.100100
0.100100
0.100100
0.100100
0.100100
0.100100
0.100100
0.100100
0.100100
0.100100
0.100100
0.100100
0.100100
0.100100
0.100100
0.100100
0.100100
0.100100
0.100100
0.100100
0.100100
0.100100
0.100100
0.100100
0.100100
0.100100
0.100100
0.100100
0.100100
0.100100
0.100100
0.100100
0.100100
0.100100
0.100100
0.100100
0.100100
0.100100
0.100100
0.100100
0.100100
0.100100
0.100100
0.100100
0.100100
0.100100
0.100100
0.100100
0.100100
0.100100
0.100100
0.100100
0.100100
0.100100
0.100100
0.100100
0.100100
0.100100
0.100100
0.100100
0.100100
0.100100
0.100100
0.100100
0.100100
0.100100
0.100100
0.100100
0.100100
0.100100
0.100100
0.100100
0.100100
0.100100
0.100100
0.100100
0.100100
0.100100
0.100100
0.100100
0.100100
0.100100
0.100100
0.100100
0.100100
0.100100
0.100100
0.100100
0.100100
0.100100
0.100100
0.100100
0.100100
0.100100
0.100100
0.100100
0.100100
0.100100
0.100100
0.100100
0.100100
0.100100
0.100100
0.100100
0.100100
0.100100
0.100100
0.100100
0.100100
0.100100
0.100100
0.100100
0.100100
0.100100
0.100100
0.100100
0.100100
0.100100
0.100100
0.100100
0.100100
0.100100
0.100100
0.100100
0.100100
0.100100
0.100100
0.100100
0.100100
0.100100
0.100100
0.100100
0.100100
0.100100
0.100100
0.100100
0.100100
0.100100
0.100100
0.100100
0.100100
0.100100
0.100100
0.100100
0.100100
0.100100
0.100100
0.100100
0.100100
0.100100
0.100100
0.100100
0.100100
0.100100
0.100100
0.100100
0.100100
0.100100
0.100100
0.100100
0.100100
0.100100
0.100100
0.100100
0.100100
0.100100
0.100100
0.100100
0.100100
0.100100
0.100100
0.100100
0.100100
0.100100
0.100100
0.100100
0.100100
0.100100
0.100100
0.100100
0.100100
0.100100
0.100100
0.100100
0.100100
0.100100
0.100100
0.100100
0.100100
0.100100
0.100100
0.100100
0.100100
0.100100
0.100100
0.100100
0.100100
0.100100
0.100100
0.100100
0.100100
0.100100
0.100100
0.100100
0.100100
0.100100
0.100100
0.100100
0.100100
0.100100
0.100100
0.100100
0.100100
0.100100
0.100100
0.100100
0.100100
0.100100
0.100100
0.100100
0.100100
0.100100
0.100100
0.100100
0.100100
0.100100
0.100100
0.100100
0.100100
0.100100
0.100100
0.100100
0.100100
0.100100
0.100100
0.100100
0.100100
0.100100
0.100100
0.100100
0.100100
0.100100
0.100100
0.100100
0.100100
0.100100
0.100100
0.100100
0.100100
0.100100
0.100100
0.100100
0.100100
0.100100
0.100100
0.100100
0.100100
0.100100
0.100100
0.100100
0.100100
0.100100
0.100100
0.100100
0.100100
0.100100
0.100100
0.100100
0.100100
0.100100
0.100100
0.100100
0.100100
0.100100
0.100100
0.100100
0.100100
0.100100
0.100100
0.100100
0.100100
0.100100
0.100100
0.100100
0.100100
0.100100
0.100100
0.100100
0.100100
0.100100
0.100100
0.100100
0.100100
0.100100
0.100100
0.100100
0.100100
0.100100
0.100100
0.100100
0.100100
0.100100
0.100100
0.100100
0.100100
0.100100
0.100100
0.100100
0.100100
0.100100
0.100100
0.100100
0.100100
0.100100
0.100100
0.100100
0.100100
0.100100
0.100100
0.100100
0.100100
0.100100
0.100100
0.100100
0.100100
0.100100
0.100100
0.100100
0.100100
0.100100
0.100100
0.100100
0.100100
0.100100
0.100100
0.100100
0.100100
0.100100
0.100100
0.100100
0.100100
0.100100
0.100100
0.100100
0.100100
0.100100
0.100100
0.100100
0.100100
0.100100
0.100100
0.100100
0.100100
0.100100
0.100100
0.100100
0.100100
0.100100
0.100100
0.100100
0.100100
0.100100
0.100100
0.100100
0.100100
0.100100
0.100100
0.100100
0.100100
0.100100
0.100100
0.100100
0.100100
0.100100
0.100100
0.100100
0.100100
0.100100
0.100100
0.100100
0.100100
0.100100
0.100100
0.100100
0.100100
0.100100
0.100100
0.100100
0.100100
0.100100
0.100100
0.100100
0.100100
0.100100
0.100100
0.100100
0.100100
0.100100
0.100100
0.100100
0.100100
0.100100
0.100100
0.100100
0.100100
0.100100
0.100100
0.100100
0.100100
0.100100
0.100100
0.100100
0.100100
0.100100
0.100100
0.100100
0.100100
0.100100
0.100100
0.100100
0.100100
0.100100
0.100100
0.100100
0.100100
0.100100
0.100100
0.100100
0.100100
0.100100
0.100100
0.100100
0.100100
0.100100
0.100100
0.100100
0.100100
0.100100
0.100100
0.100100
0.100100
0.100100
0.100100
0.100100
0.100100
0.100100
0.100100
0.100100
0.100100
0.100100
0.100100
0.100100
0.100100
0.100100
0.100100
0.100100
0.100100
0.100100
0.100100
0.100100
0.100100
0.100100
0.100100
0.100100
0.100100
0.100100
0.100100
0.100100
0.100100
0.100100
0.100100
0.100100
0.100100
0.100100
0.100100
0.100100
0.100100
0.100100
0.100100
0.100100
0.100100
0.100100
0.100100
0.100100
0.100100
0.100100
0.100100
0.100100
0.100100
0.100100
0.100100
0.100100
0.100100
0.100100
0.100100
0.100100
0.100100
0.100100
0.100100
0.100100
0.100100
0.100100
0.100100
0.100100
0.100100
0.100100
0.100100
0.100100
0.100100
0.100100
0.100100
0.100100
0.100100
0.100100
0.100100
0.100100
0.100100
0.100100
0.100100
0.100100
0.100100
0.100100
0.100100
0.100100
0.100100
0.100100
0.100100
0.100100
0.100100
0.100100
0.100100
0.100100
0.100100
0.100100
0.100101
0.100101
0.100101
0.100101
0.100101
0.100101
0.100101
0.100101
0.100101
0.100101
0.100101
0.100101
0.100101
0.100101
0.100101
0.100101
0.100101
0.100101
0.100101
0.100101
0.100101
0.100101
0.100101
0.100101
0.100101
0.100101
0.100101
0.100101
0.100101
0.100101
0.100101
0.100101
0.100101
0.100101
0.100101
0.100101
0.100101
0.100101
0.100101
0.100101
0.100101
0.100101
0.100101
0.100101
0.100101
0.100101
0.100101
0.100101
0.100101
0.100101
0.100101
0.100101
0.100101
0.100101
0.100101
0.100101
0.100101
0.100101
0.100101
0.100101
0.100101
0.100101
0.100101
0.100101
0.100101
0.100101
0.100101
0.100101
0.100101
0.100101
0.100101
0.100101
0.100101
0.100101
0.100101
0.100101
0.100101
0.100101
0.100101
0.100101
0.100101
0.100101
0.100101
0.100101
0.100101
0.100101
0.100101
0.100101
0.100101
0.100101
0.100101
0.100101
0.100101
0.100101
0.100101
0.100101
0.100101
0.100101
0.100101
0.100101
0.100101
0.100101
0.100101
0.100101
0.100101
0.100101
0.100101
0.100101
0.100101
0.100101
0.100101
0.100101
0.100101
0.100101
0.100101
0.100101
0.100101
0.100101
0.100101
0.100101
0.100101
0.100101
0.100101
0.100101
0.100101
0.100101
0.100101
0.100101
0.100101
0.100101
0.100101
0.100101
0.100101
0.100101
0.100101
0.100101
0.100101
0.100101
0.100101
0.100101
0.100101
0.100101
0.100101
0.100101
0.100101
0.100101
0.100101
0.100101
0.100101
0.100101
0.100101
0.100101
0.100101
0.100101
0.100101
0.100101
0.100101
0.100101
0.100101
0.100101
0.100101
0.100101
0.100101
0.100101
0.100101
0.100101
0.100101
0.100101
0.100101
0.100101
0.100101
0.100101
0.100101
0.100101
0.100101
0.100101
0.100101
0.100101
0.100101
0.100101
0.100101
0.100101
0.100101
0.100101
0.100101
0.100101
0.100101
0.100101
0.100101
0.100101
0.100101
0.100101
0.100101
0.100101
0.100101
0.100101
0.100101
0.100101
0.100101
0.100101
0.100101
0.100101
0.100101
0.100101
0.100101
0.100101
0.100101
0.100101
0.100101
0.100101
0.100101
0.100101
0.100101
0.100101
0.100101
0.100101
0.100101
0.100101
0.100101
0.100101
0.100101
0.100101
0.100101
0.100101
0.100101
0.100101
0.100101
0.100101
0.100101
0.100101
0.100101
0.100101
0.100101
0.100101
0.100101
0.100101
0.100101
0.100101
0.100101
0.100101
0.100101
0.100101
0.100101
0.100101
0.100101
0.100101
0.100101
0.100101
0.100101
0.100101
0.100101
0.100101
0.100101
0.100101
0.100101
0.100101
0.100101
0.100101
0.100101
0.100101
0.100101
0.100101
0.100101
0.100101
0.100101
0.100101
0.100101
0.100101
0.100101
0.100101
0.100101
0.100101
0.100101
0.100101
0.100101
0.100101
0.100101
0.100101
0.100101
0.100101
0.100101
0.100101
0.100101
0.100101
0.100101
0.100101
0.100101
0.100101
0.100101
0.100101
0.100101
0.100101
0.100101
0.100101
0.100101
0.100101
0.100101
0.100101
0.100101
0.100101
0.100101
0.100101
0.100101
0.100101
0.100101
0.100101
0.100101
0.100101
0.100101
0.100101
0.100101
0.100101
0.100101
0.100101
0.100101
0.100101
0.100101
0.100101
0.100101
0.100101
0.100101
0.100101
0.100101
0.100101
0.100101
0.100101
0.100101
0.100101
0.100101
0.100101
0.100101
0.100101
0.100101
0.100101
0.100101
0.100101
0.100101
0.100101
0.100101
0.100101
0.100101
0.100101
0.100101
0.100101
0.100101
0.100101
0.100101
0.100101
0.100101
0.100101
0.100101
0.100101
0.100101
0.100101
0.100101
0.100101
0.100101
0.100101
0.100101
0.100101
0.100101
0.100101
0.100101
0.100101
0.100101
0.100101
0.100101
0.100101
0.100101
0.100101
0.100101
0.100101
0.100101
0.100101
0.100101
0.100101
0.100101
0.100101
0.100101
0.100101
0.100101
0.100101
0.100101
0.100101
0.100101
0.100101
0.100101
0.100101
0.100101
0.100101
0.100101
0.100101
0.100101
0.100101
0.100101
0.100101
0.100101
0.100101
0.100101
0.100101
0.100101
0.100101
0.100101
0.100101
0.100101
0.100101
0.100101
0.100101
0.100101
0.100101
0.100101
0.100101
0.100101
0.100101
0.100101
0.100101
0.100101
0.100101
0.100101
0.100101
0.100101
0.100101
0.100101
0.100101
0.100101
0.100101
0.100101
0.100101
0.100101
0.100101
0.100101
0.100101
0.100101
0.100101
0.100101
0.100101
0.100101
0.100101
0.100101
0.100101
0.100101
0.100101
0.100101
0.100101
0.100101
0.100101
0.100101
0.100101
0.100101
0.100101
0.100101
0.100101
0.100101
0.100101
0.100101
0.100101
0.100101
0.100101
0.100101
0.100101
0.100101
0.100101
0.100101
0.100101
0.100101
0.100101
0.100101
0.100101
0.100101
0.100101
0.100101
0.100101
0.100101
0.100101
0.100101
0.100101
0.100101
0.100101
0.100101
0.100101
0.100101
0.100101
0.100101
0.100101
0.100101
0.100101
0.100101
0.100101
0.100101
0.100101
0.100101
0.100101
0.100101
0.100101
0.100101
0.100101
0.100101
0.100101
0.100101
0.100101
0.100101
0.100101
0.100101
0.100101
0.100101
0.100101
0.100101
0.100101
0.100101
0.100101
0.100101
0.100101
0.100101
0.100101
0.100101
0.100101
0.100101
0.100101
0.100101
0.100101
0.100101
0.100101
0.100101
0.100101
0.100101
0.100101
0.100101
0.100101
0.100101
0.100101
0.100101
0.100101
0.100101
0.100101
0.100101
0.100101
0.100101
0.100101
0.100101
0.100101
0.100101
0.100101
0.100101
0.100101
0.100101
0.100101
0.100101
0.100101
0.100101
0.100101
0.100101
0.100101
0.100101
0.100101
0.100101
0.100101
0.100101
0.100101
0.100101
0.100101
0.100101
0.100101
0.100101
0.100101
0.100101
0.100101
0.100101
0.100101
0.100101
0.100101
0.100101
0.100101
0.100101
0.100101
0.100101
0.100101
0.100101
0.100101
0.100101
0.100101
0.100101
0.100101
0.100101
0.100101
0.100101
0.100101
0.100101
0.100101
0.100101
0.100101
0.100101
0.100101
0.100101
0.100101
0.100101
0.100101
0.100101
0.100101
0.100101
0.100101
0.100101
0.100101
0.100101
0.100101
0.100101
0.100101
0.100101
0.100101
0.100101
0.100101
0.100101
0.100101
0.100101
0.100101
0.100101
0.100101
0.100101
0.100101
0.100101
0.100101
0.100101
0.100101
0.100101
0.100101
0.100101
0.100101
0.100101
0.100101
0.100102
0.100102
0.100102
0.100102
0.100102
0.100102
0.100102
0.100102
0.100102
0.100102
0.100102
0.100102
0.100102
0.100102
0.100102
0.100102
0.100102
0.100102
0.100102
0.100102
0.100102
0.100102
0.100102
0.100102
0.100102
0.100102
0.100102
0.100102
0.100102
0.100102
0.100102
0.100102
0.100102
0.100102
0.100102
0.100102
0.100102
0.100102
0.100102
0.100102
0.100102
0.100102
0.100102
0.100102
0.100102
0.100102
0.100102
0.100102
0.100102
0.100102
0.100102
0.100102
0.100102
0.100102
0.100102
0.100102
0.100102
0.100102
0.100102
0.100102
0.100102
0.100102
0.100102
0.100102
0.100102
0.100102
0.100102
0.100102
0.100102
0.100102
0.100102
0.100102
0.100102
0.100102
0.100102
0.100102
0.100102
0.100102
0.100102
0.100102
0.100102
0.100102
0.100102
0.100102
0.100102
0.100102
0.100102
0.100102
0.100102
0.100102
0.100102
0.100102
0.100102
0.100102
0.100102
0.100102
0.100102
0.100102
0.100102
0.100102
0.100102
0.100102
0.100102
0.100102
0.100102
0.100102
0.100102
0.100102
0.100102
0.100102
0.100102
0.100102
0.100102
0.100102
0.100102
0.100102
0.100102
0.100102
0.100102
0.100102
0.100102
0.100102
0.100102
0.100102
0.100102
0.100102
0.100102
0.100102
0.100102
0.100102
0.100102
0.100102
0.100102
0.100102
0.100102
0.100102
0.100102
0.100102
0.100102
0.100102
0.100102
0.100102
0.100102
0.100102
0.100102
0.100102
0.100102
0.100102
0.100102
0.100102
0.100102
0.100102
0.100102
0.100102
0.100102
0.100102
0.100102
0.100102
0.100102
0.100102
0.100102
0.100102
0.100102
0.100102
0.100102
0.100102
0.100102
0.100102
0.100102
0.100102
0.100102
0.100102
0.100102
0.100102
0.100102
0.100102
0.100102
0.100102
0.100102
0.100102
0.100102
0.100102
0.100102
0.100102
0.100102
0.100102
0.100102
0.100102
0.100102
0.100102
0.100102
0.100102
0.100102
0.100102
0.100102
0.100102
0.100102
0.100102
0.100102
0.100102
0.100102
0.100102
0.100102
0.100102
0.100102
0.100102
0.100102
0.100102
0.100102
0.100102
0.100102
0.100102
0.100102
0.100102
0.100102
0.100102
0.100102
0.100102
0.100102
0.100102
0.100102
0.100102
0.100102
0.100102
0.100102
0.100102
0.100102
0.100102
0.100102
0.100102
0.100102
0.100102
0.100102
0.100102
0.100102
0.100102
0.100102
0.100102
0.100102
0.100102
0.100102
0.100102
0.100102
0.100102
0.100102
0.100102
0.100102
0.100102
0.100102
0.100102
0.100102
0.100102
0.100102
0.100102
0.100102
0.100102
0.100102
0.100102
0.100102
0.100102
0.100102
0.100102
0.100102
0.100102
0.100102
0.100102
0.100102
0.100102
0.100102
0.100102
0.100102
0.100102
0.100102
0.100102
0.100102
0.100102
0.100102
0.100102
0.100102
0.100102
0.100102
0.100102
0.100102
0.100102
0.100102
0.100102
0.100102
0.100102
0.100102
0.100102
0.100102
0.100102
0.100102
0.100102
0.100102
0.100102
0.100102
0.100102
0.100102
0.100102
0.100102
0.100102
0.100102
0.100102
0.100102
0.100102
0.100102
0.100102
0.100102
0.100102
0.100102
0.100102
0.100102
0.100102
0.100102
0.100102
0.100102
0.100102
0.100102
0.100102
0.100102
0.100102
0.100102
0.100102
0.100102
0.100102
0.100102
0.100102
0.100102
0.100102
0.100102
0.100102
0.100102
0.100102
0.100102
0.100102
0.100102
0.100102
0.100102
0.100102
0.100102
0.100102
0.100102
0.100102
0.100102
0.100102
0.100102
0.100102
0.100102
0.100102
0.100102
0.100102
0.100102
0.100102
0.100102
0.100102
0.100102
0.100102
0.100102
0.100102
0.100102
0.100102
0.100102
0.100102
0.100102
0.100102
0.100102
0.100102
0.100102
0.100102
0.100102
0.100102
0.100102
0.100102
0.100102
0.100102
0.100102
0.100102
0.100102
0.100102
0.100102
0.100102
0.100102
0.100102
0.100102
0.100102
0.100102
0.100102
0.100102
0.100102
0.100102
0.100102
0.100102
0.100102
0.100102
0.100102
0.100102
0.100102
0.100102
0.100102
0.100102
0.100102
0.100102
0.100102
0.100102
0.100102
0.100102
0.100102
0.100102
0.100102
0.100102
0.100102
0.100102
0.100102
0.100102
0.100102
0.100102
0.100102
0.100102
0.100102
0.100102
0.100102
0.100102
0.100102
0.100102
0.100102
0.100102
0.100102
0.100102
0.100102
0.100102
0.100102
0.100102
0.100102
0.100102
0.100102
0.100102
0.100102
0.100102
0.100102
0.100102
0.100102
0.100102
0.100102
0.100102
0.100102
0.100102
0.100102
0.100102
0.100102
0.100102
0.100102
0.100102
0.100102
0.100102
0.100102
0.100102
0.100102
0.100102
0.100102
0.100102
0.100102
0.100102
0.100102
0.100102
0.100102
0.100102
0.100102
0.100102
0.100102
0.100102
0.100102
0.100102
0.100102
0.100102
0.100102
0.100102
0.100102
0.100102
0.100102
0.100102
0.100103
0.100103
0.100103
0.100103
0.100103
0.100103
0.100103
0.100103
0.100103
0.100103
0.100103
0.100103
0.100103
0.100103
0.100103
0.100103
0.100103
0.100103
0.100103
0.100103
0.100103
0.100103
0.100103
0.100103
0.100103
0.100103
0.100103
0.100103
0.100103
0.100103
0.100103
0.100103
0.100103
0.100103
0.100103
0.100103
0.100103
0.100103
0.100103
0.100103
0.100103
0.100103
0.100103
0.100103
0.100103
0.100103
0.100103
0.100103
0.100103
0.100103
0.100103
0.100103
0.100103
0.100103
0.100103
0.100103
0.100103
0.100103
0.100103
0.100103
0.100103
0.100103
0.100103
0.100103
0.100103
0.100103
0.100103
0.100103
0.100103
0.100103
0.100103
0.100103
0.100103
0.100103
0.100103
0.100103
0.100103
0.100103
0.100103
0.100103
0.100103
0.100103
0.100103
0.100103
0.100103
0.100103
0.100103
0.100103
0.100103
0.100103
0.100103
0.100103
0.100103
0.100103
0.100103
0.100103
0.100103
0.100103
0.100103
0.100103
0.100103
0.100103
0.100103
0.100103
0.100103
0.100103
0.100103
0.100103
0.100103
0.100103
0.100103
0.100103
0.100103
0.100103
0.100103
0.100103
0.100103
0.100103
0.100103
0.100103
0.100103
0.100103
0.100103
0.100103
0.100103
0.100103
0.100103
0.100103
0.100103
0.100103
0.100103
0.100103
0.100103
0.100103
0.100103
0.100103
0.100103
0.100103
0.100103
0.100103
0.100103
0.100103
0.100103
0.100103
0.100103
0.100103
0.100103
0.100103
0.100103
0.100103
0.100103
0.100103
0.100103
0.100103
0.100103
0.100103
0.100103
0.100103
0.100103
0.100103
0.100103
0.100103
0.100103
0.100103
0.100103
0.100103
0.100103
0.100103
0.100103
0.100103
0.100103
0.100103
0.100103
0.100103
0.100103
0.100103
0.100103
0.100103
0.100103
0.100103
0.100103
0.100103
0.100103
0.100103
0.100103
0.100103
0.100103
0.100103
0.100103
0.100103
0.100103
0.100103
0.100103
0.100103
0.100103
0.100103
0.100103
0.100103
0.100103
0.100103
0.100103
0.100103
0.100103
0.100103
0.100103
0.100103
0.100103
0.100103
0.100103
0.100103
0.100103
0.100103
0.100103
0.100103
0.100103
0.100103
0.100103
0.100103
0.100103
0.100103
0.100103
0.100103
0.100103
0.100103
0.100103
0.100103
0.100103
0.100103
0.100103
0.100103
0.100103
0.100103
0.100103
0.100103
0.100103
0.100103
0.100103
0.100103
0.100103
0.100103
0.100103
0.100103
0.100103
0.100103
0.100103
0.100103
0.100103
0.100103
0.100103
0.100103
0.100103
0.100103
0.100103
0.100103
0.100103
0.100103
0.100103
0.100103
0.100103
0.100103
0.100103
0.100103
0.100103
0.100103
0.100103
0.100103
0.100103
0.100103
0.100103
0.100103
0.100103
0.100103
0.100103
0.100103
0.100103
0.100103
0.100103
0.100103
0.100103
0.100103
0.100103
0.100103
0.100103
0.100103
0.100103
0.100103
0.100103
0.100103
0.100103
0.100103
0.100103
0.100103
0.100103
0.100103
0.100103
0.100103
0.100103
0.100103
0.100103
0.100103
0.100103
0.100103
0.100103
0.100103
0.100103
0.100103
0.100103
0.100103
0.100103
0.100103
0.100103
0.100103
0.100103
0.100103
0.100103
0.100103
0.100103
0.100103
0.100103
0.100103
0.100103
0.100103
0.100103
0.100103
0.100103
0.100103
0.100103
0.100103
0.100103
0.100103
0.100103
0.100103
0.100103
0.100103
0.100103
0.100103
0.100103
0.100103
0.100103
0.100103
0.100103
0.100103
0.100103
0.100103
0.100103
0.100103
0.100103
0.100103
0.100103
0.100103
0.100103
0.100103
0.100103
0.100103
0.100103
0.100103
0.100103
0.100103
0.100103
0.100103
0.100103
0.100103
0.100103
0.100103
0.100103
0.100103
0.100103
0.100103
0.100103
0.100103
0.100103
0.100103
0.100103
0.100103
0.100103
0.100103
0.100103
0.100103
0.100103
0.100104
0.100104
0.100104
0.100104
0.100104
0.100104
0.100104
0.100104
0.100104
0.100104
0.100104
0.100104
0.100104
0.100104
0.100104
0.100104
0.100104
0.100104
0.100104
0.100104
0.100104
0.100104
0.100104
0.100104
0.100104
0.100104
0.100104
0.100104
0.100104
0.100104
0.100104
0.100104
0.100104
0.100104
0.100104
0.100104
0.100104
0.100104
0.100104
0.100104
0.100104
0.100104
0.100104
0.100104
0.100104
0.100104
0.100104
0.100104
0.100104
0.100104
0.100104
0.100104
0.100104
0.100104
0.100104
0.100104
0.100104
0.100104
0.100104
0.100104
0.100104
0.100104
0.100104
0.100104
0.100104
0.100104
0.100104
0.100104
0.100104
0.100104
0.100104
0.100104
0.100104
0.100104
0.100104
0.100104
0.100104
0.100104
0.100104
0.100104
0.100104
0.100104
0.100104
0.100104
0.100104
0.100104
0.100104
0.100104
0.100104
0.100104
0.100104
0.100104
0.100104
0.100104
0.100104
0.100104
0.100104
0.100104
0.100104
0.100104
0.100104
0.100104
0.100104
0.100104
0.100104
0.100104
0.100104
0.100104
0.100104
0.100104
0.100104
0.100104
0.100104
0.100104
0.100104
0.100104
0.100104
0.100104
0.100104
0.100104
0.100104
0.100104
0.100104
0.100104
0.100104
0.100104
0.100104
0.100104
0.100104
0.100104
0.100104
0.100104
0.100104
0.100104
0.100104
0.100104
0.100104
0.100104
0.100104
0.100104
0.100104
0.100104
0.100104
0.100104
0.100104
0.100104
0.100104
0.100104
0.100104
0.100104
0.100104
0.100104
0.100104
0.100104
0.100104
0.100104
0.100104
0.100104
0.100104
0.100104
0.100104
0.100104
0.100104
0.100104
0.100104
0.100104
0.100104
0.100104
0.100104
0.100104
0.100104
0.100104
0.100104
0.100104
0.100104
0.100104
0.100104
0.100104
0.100104
0.100104
0.100104
0.100104
0.100104
0.100104
0.100104
0.100104
0.100104
0.100104
0.100104
0.100104
0.100104
0.100104
0.100104
0.100104
0.100104
0.100104
0.100104
0.100104
0.100104
0.100104
0.100104
0.100104
0.100104
0.100104
0.100104
0.100104
0.100104
0.100104
0.100104
0.100104
0.100104
0.100104
0.100104
0.100104
0.100104
0.100104
0.100104
0.100104
0.100104
0.100104
0.100104
0.100104
0.100104
0.100104
0.100104
0.100104
0.100104
0.100104
0.100104
0.100104
0.100104
0.100104
0.100104
0.100104
0.100104
0.100104
0.100104
0.100104
0.100104
0.100104
0.100104
0.100104
0.100104
0.100104
0.100104
0.100104
0.100104
0.100104
0.100104
0.100104
0.100104
0.100104
0.100104
0.100104
0.100104
0.100104
0.100104
0.100104
0.100104
0.100104
0.100104
0.100104
0.100104
0.100104
0.100104
0.100105
0.100105
0.100105
0.100105
0.100105
0.100105
0.100105
0.100105
0.100105
0.100105
0.100105
0.100105
0.100105
0.100105
0.100105
0.100105
0.100105
0.100105
0.100105
0.100105
0.100105
0.100105
0.100105
0.100105
0.100105
0.100105
0.100105
0.100105
0.100105
0.100105
0.100105
0.100105
0.100105
0.100105
0.100105
0.100105
0.100105
0.100105
0.100105
0.100105
0.100105
0.100105
0.100105
0.100105
0.100105
0.100105
0.100105
0.100105
0.100105
0.100105
0.100105
0.100105
0.100105
0.100105
0.100105
0.100105
0.100105
0.100105
0.100105
0.100105
0.100105
0.100105
0.100105
0.100105
0.100105
0.100105
0.100105
0.100105
0.100105
0.100105
0.100105
0.100105
0.100105
0.100105
0.100105
0.100105
0.100105
0.100105
0.100105
0.100105
0.100105
0.100105
0.100105
0.100105
0.100105
0.100105
0.100105
0.100105
0.100105
0.100105
0.100105
0.100105
0.100105
0.100105
0.100105
0.100105
0.100105
0.100105
0.100105
0.100105
0.100105
0.100105
0.100105
0.100105
0.100105
0.100105
0.100105
0.100105
0.100105
0.100105
0.100105
0.100105
0.100105
0.100105
0.100105
0.100105
0.100105
0.100105
0.100105
0.100105
0.100105
0.100105
0.100105
0.100105
0.100105
0.100105
0.100105
0.100105
0.100105
0.100105
0.100105
0.100105
0.100105
0.100105
0.100105
0.100105
0.100105
0.100105
0.100105
0.100105
0.100105
0.100105
0.100105
0.100105
0.100105
0.100105
0.100105
0.100105
0.100105
0.100105
0.100105
0.100105
0.100105
0.100105
0.100105
0.100105
0.100105
0.100105
0.100105
0.100105
0.100105
0.100105
0.100105
0.100105
0.100105
0.100105
0.100105
0.100105
0.100105
0.100105
0.100105
0.100105
0.100105
0.100105
0.100105
0.100105
0.100105
0.100105
0.100105
0.100105
0.100105
0.100105
0.100105
0.100105
0.100105
0.100106
0.100106
0.100106
0.100106
0.100106
0.100106
0.100106
0.100106
0.100106
0.100106
0.100106
0.100106
0.100106
0.100106
0.100106
0.100106
0.100106
0.100106
0.100106
0.100106
0.100106
0.100106
0.100106
0.100106
0.100106
0.100106
0.100106
0.100106
0.100106
0.100106
0.100106
0.100106
0.100106
0.100106
0.100106
0.100106
0.100106
0.100106
0.100106
0.100106
0.100106
0.100106
0.100106
0.100106
0.100106
0.100106
0.100106
0.100106
0.100106
0.100106
0.100106
0.100106
0.100106
0.100106
0.100106
0.100106
0.100106
0.100106
0.100106
0.100106
0.100106
0.100106
0.100106
0.100106
0.100106
0.100106
0.100106
0.100106
0.100106
0.100106
0.100106
0.100106
0.100106
0.100106
0.100106
0.100106
0.100106
0.100106
0.100106
0.100106
0.100106
0.100106
0.100106
0.100106
0.100106
0.100106
0.100106
0.100106
0.100106
0.100106
0.100106
0.100106
0.100106
0.100106
0.100106
0.100106
0.100106
0.100106
0.100106
0.100106
0.100106
0.100106
0.100106
0.100106
0.100106
0.100106
0.100106
0.100106
0.100106
0.100106
0.100106
0.100106
0.100106
0.100106
0.100106
0.100106
0.100106
0.100106
0.100106
0.100106
0.100106
0.100106
0.100107
0.100107
0.100107
0.100107
0.100107
0.100107
0.100107
0.100107
0.100107
0.100107
0.100107
0.100107
0.100107
0.100107
0.100107
0.100107
0.100107
0.100107
0.100107
0.100107
0.100107
0.100107
0.100107
0.100107
0.100107
0.100107
0.100107
0.100107
0.100107
0.100107
0.100107
0.100107
0.100107
0.100107
0.100107
0.100107
0.100107
0.100107
0.100107
0.100107
0.100107
0.100107
0.100107
0.100107
0.100107
0.100107
0.100107
0.100107
0.100107
0.100107
0.100107
0.100107
0.100107
0.100107
0.100107
0.100107
0.100107
0.100107
0.100107
0.100107
0.100107
0.100107
0.100107
0.100107
0.100107
0.100107
0.100107
0.100107
0.100107
0.100107
0.100107
0.100107
0.100107
0.100107
0.100107
0.100107
0.100107
0.100107
0.100107
0.100107
0.100107
0.100107
0.100107
0.100107
0.100107
0.100107
0.100107
0.100107
0.100107
0.100107
0.100107
0.100107
0.100107
0.100107
0.100107
0.100107
0.100107
0.100107
0.100107
0.100107
0.100107
0.100107
0.100107
0.100107
0.100107
0.100107
0.100107
0.100107
0.100107
0.100107
0.100107
0.100107
0.100107
0.100107
0.100107
0.100107
0.100107
0.100107
0.100107
0.100107
0.100107
0.100107
0.100107
0.100107
0.100107
0.100107
0.100107
0.100107
0.100107
0.100107
0.100107
0.100107
0.100107
0.100107
0.100107
0.100107
0.100107
0.100107
0.100107
0.100107
0.100107
0.100107
0.100108
0.100108
0.100108
0.100108
0.100108
0.100108
0.100108
0.100108
0.100108
0.100108
0.100108
0.100108
0.100108
0.100108
0.100108
0.100108
0.100108
0.100108
0.100108
0.100108
0.100108
0.100108
0.100108
0.100108
0.100108
0.100108
0.100108
0.100108
0.100108
0.100108
0.100108
0.100108
0.100108
0.100108
0.100108
0.100108
0.100108
0.100108
0.100108
0.100108
0.100108
0.100108
0.100108
0.100108
0.100108
0.100108
0.100108
0.100108
0.100108
0.100108
0.100108
0.100108
0.100108
0.100108
0.100108
0.100108
0.100108
0.100108
0.100108
0.100108
0.100108
0.100108
0.100108
0.100108
0.100108
0.100108
0.100108
0.100108
0.100108
0.100108
0.100108
0.100108
0.100108
0.100108
0.100108
0.100108
0.100108
0.100108
0.100108
0.100108
0.100108
0.100108
0.100108
0.100108
0.100108
0.100108
0.100108
0.100108
0.100108
0.100108
0.100108
0.100108
0.100108
0.100108
0.100108
0.100108
0.100108
0.100108
0.100108
0.100108
0.100108
0.100108
0.100108
0.100108
0.100108
0.100108
0.100108
0.100108
0.100108
0.100108
0.100108
0.100108
0.100108
0.100108
0.100108
0.100108
0.100108
0.100108
0.100108
0.100108
0.100108
0.100108
0.100108
0.100108
0.100108
0.100108
0.100108
0.100108
0.100108
0.100108
0.100108
0.100108
0.100108
0.100108
0.100108
0.100109
0.100109
0.100109
0.100109
0.100109
0.100109
0.100109
0.100109
0.100109
0.100109
0.100109
0.100109
0.100109
0.100109
0.100109
0.100109
0.100109
0.100109
0.100109
0.100109
0.100109
0.100109
0.100109
0.100109
0.100109
0.100109
0.100109
0.100109
0.100109
0.100109
0.100109
0.100109
0.100109
0.100109
0.100109
0.100109
0.100109
0.100109
0.100109
0.100109
0.100109
0.100109
0.100109
0.100109
0.100109
0.100109
0.100109
0.100109
0.100109
0.100109
0.100109
0.100109
0.100109
0.100109
0.100109
0.100109
0.100109
0.100109
0.100109
0.100109
0.100109
0.100109
0.100109
0.100109
0.100109
0.100109
0.100109
0.100109
0.100109
0.100109
0.100109
0.100109
0.100109
0.100109
0.100109
0.100109
0.100109
0.100109
0.100109
0.100109
0.100109
0.100109
0.100109
0.100109
0.100109
0.100109
0.100109
0.100109
0.100109
0.100109
0.100109
0.100109
0.100109
0.100109
0.100109
0.100109
0.100109
0.100109
0.100109
0.100109
0.100109
0.100109
0.100109
0.100109
0.100109
0.100109
0.100109
0.100109
0.100109
0.100109
0.100109
0.100109
0.100109
0.100109
0.100109
0.100109
0.100109
0.100109
0.100109
0.100109
0.100109
0.100109
0.100110
0.100110
0.100110
0.100110
0.100110
0.100110
0.100110
0.100110
0.100110
0.100110
0.100110
0.100110
0.100110
0.100110
0.100110
0.100110
0.100110
0.100110
0.100110
0.100110
0.100110
0.100110
0.100110
0.100110
0.100110
0.100110
0.100110
0.100110
0.100110
0.100110
0.100110
0.100110
0.100110
0.100110
0.100110
0.100110
0.100110
0.100110
0.100110
0.100110
0.100110
0.100110
0.100110
0.100110
0.100110
0.100110
0.100110
0.100110
0.100110
0.100110
0.100110
0.100110
0.100110
0.100110
0.100110
0.100110
0.100110
0.100110
0.100110
0.100110
0.100110
0.100110
0.100110
0.100110
0.100110
0.100110
0.100110
0.100110
0.100110
0.100110
0.100110
0.100110
0.100110
0.100110
0.100110
0.100110
0.100110
0.100110
0.100110
0.100110
0.100110
0.100110
0.100110
0.100110
0.100110
0.100110
0.100110
0.100110
0.100110
0.100110
0.100110
0.100110
0.100110
0.100110
0.100110
0.100110
0.100110
0.100110
0.100110
0.100110
0.100110
0.100110
0.100110
0.100110
0.100110
0.100110
0.100110
0.100110
0.100110
0.100110
0.100110
0.100110
0.100110
0.100111
0.100111
0.100111
0.100111
0.100111
0.100111
0.100111
0.100111
0.100111
0.100111
0.100111
0.100111
0.100111
0.100111
0.100111
0.100111
0.100111
0.100111
0.100111
0.100111
0.100111
0.100111
0.100111
0.100111
0.100111
0.100111
0.100111
0.100111
0.100111
0.100111
0.100111
0.100111
0.100111
0.100111
0.100111
0.100111
0.100111
0.100111
0.100111
0.100111
0.100111
0.100111
0.100111
0.100111
0.100111
0.100111
0.100111
0.100111
0.100111
0.100111
0.100111
0.100111
0.100111
0.100111
0.100111
0.100111
0.100111
0.100111
0.100111
0.100111
0.100111
0.100111
0.100111
0.100111
0.100111
0.100111
0.100111
0.100111
0.100111
0.100111
0.100111
0.100111
0.100111
0.100111
0.100111
0.100111
0.100111
0.100111
0.100111
0.100111
0.100111
0.100111
0.100111
0.100111
0.100111
0.100111
0.100111
0.100111
0.100111
0.100111
0.100111
0.100111
0.100111
0.100111
0.100111
0.100111
0.100111
0.100111
0.100111
0.100111
0.100111
0.100111
0.100111
0.100111
0.100111
0.100111
0.100111
0.100111
0.100111
0.100111
0.100111
0.100111
0.100111
0.100111
0.100111
0.100111
0.100111
0.100111
0.100111
0.100111
0.100111
0.100111
0.100111
0.100111
0.100111
0.100111
0.100111
0.100111
0.100111
0.100111
0.100111
0.100111
0.100111
0.100111
0.100111
0.100111
0.100111
0.100112
0.100112
0.100112
0.100112
0.100112
0.100112
0.100112
0.100112
0.100112
0.100112
0.100112
0.100112
0.100112
0.100112
0.100112
0.100112
0.100112
0.100112
0.100112
0.100112
0.100112
0.100112
0.100112
0.100112
0.100112
0.100112
0.100112
0.100112
0.100112
0.100112
0.100112
0.100112
0.100112
0.100112
0.100112
0.100112
0.100112
0.100112
0.100112
0.100112
0.100112
0.100112
0.100112
0.100112
0.100112
0.100112
0.100112
0.100112
0.100112
0.100112
0.100112
0.100112
0.100112
0.100112
0.100112
0.100112
0.100112
0.100112
0.100112
0.100112
0.100112
0.100112
0.100112
0.100112
0.100112
0.100112
0.100112
0.100112
0.100112
0.100112
0.100112
0.100112
0.100112
0.100112
0.100112
0.100112
0.100112
0.100112
0.100112
0.100112
0.100112
0.100112
0.100112
0.100112
0.100112
0.100112
0.100112
0.100112
0.100112
0.100112
0.100112
0.100112
0.100112
0.100112
0.100112
0.100112
0.100112
0.100112
0.100112
0.100112
0.100112
0.100112
0.100112
0.100112
0.100112
0.100112
0.100112
0.100113
0.100113
0.100113
0.100113
0.100113
0.100113
0.100113
0.100113
0.100113
0.100113
0.100113
0.100113
0.100113
0.100113
0.100113
0.100113
0.100113
0.100113
0.100113
0.100113
0.100113
0.100113
0.100113
0.100113
0.100113
0.100113
0.100113
0.100113
0.100113
0.100113
0.100113
0.100113
0.100113
0.100113
0.100113
0.100113
0.100113
0.100113
0.100113
0.100113
0.100113
0.100113
0.100113
0.100113
0.100113
0.100113
0.100113
0.100113
0.100113
0.100113
0.100113
0.100113
0.100113
0.100113
0.100113
0.100113
0.100113
0.100113
0.100113
0.100113
0.100113
0.100113
0.100113
0.100113
0.100113
0.100113
0.100113
0.100113
0.100113
0.100113
0.100113
0.100113
0.100113
0.100113
0.100113
0.100113
0.100113
0.100113
0.100113
0.100113
0.100113
0.100113
0.100113
0.100113
0.100113
0.100113
0.100113
0.100113
0.100113
0.100113
0.100114
0.100114
0.100114
0.100114
0.100114
0.100114
0.100114
0.100114
0.100114
0.100114
0.100114
0.100114
0.100114
0.100114
0.100114
0.100114
0.100114
0.100114
0.100114
0.100114
0.100114
0.100114
0.100114
0.100114
0.100114
0.100114
0.100114
0.100114
0.100114
0.100114
0.100114
0.100114
0.100114
0.100114
0.100114
0.100114
0.100114
0.100114
0.100114
0.100114
0.100114
0.100114
0.100114
0.100114
0.100114
0.100114
0.100114
0.100114
0.100114
0.100114
0.100114
0.100114
0.100114
0.100114
0.100114
0.100114
0.100114
0.100114
0.100114
0.100114
0.100114
0.100114
0.100115
0.100115
0.100115
0.100115
0.100115
0.100115
0.100115
0.100115
0.100115
0.100115
0.100115
0.100115
0.100115
0.100115
0.100115
0.100115
0.100115
0.100115
0.100115
0.100115
0.100115
0.100115
0.100115
0.100115
0.100115
0.100115
0.100115
0.100115
0.100115
0.100115
0.100115
0.100115
0.100115
0.100115
0.100115
0.100115
0.100115
0.100115
0.100115
0.100115
0.100115
0.100115
0.100115
0.100116
0.100116
0.100116
0.100116
0.100116
0.100116
0.100116
0.100116
0.100116
0.100116
0.100116
0.100116
0.100116
0.100116
0.100116
0.100116
0.100116
0.100116
0.100116
0.100116
0.100116
0.100116
0.100116
0.100116
0.100116
0.100116
0.100116
0.100116
0.100116
0.100116
0.100116
0.100116
0.100116
0.100116
0.100116
0.100116
0.100116
0.100116
0.100116
0.100117
0.100117
0.100117
0.100117
0.100117
0.100117
0.100117
0.100117
0.100117
0.100117
0.100117
0.100117
0.100117
0.100117
0.100117
0.100117
0.100117
0.100117
0.100117
0.100117
0.100117
0.100118
0.100118
0.100118
0.100118
0.100118
0.100118
0.100118
0.100118
0.100118
0.100118
0.100118
0.100118
0.100119
0.100119
0.100119
0.100119
0.100119
0.100119
0.100120
0.100120
0.100120
0.100121
0.100121
0.100121
0.100122
0.100122
0.100122
0.100122
0.100122
0.100122
0.100122
0.100122
0.100122
0.100122
0.100123
0.100123
0.100123
0.100123
0.100124
0.100124
0.100124
0.100124
0.100125
0.100125
0.100125
0.100125
0.100125
0.100125
0.100125
0.100126
0.100126
0.100126
0.100126
0.100126
0.100127
0.100127
0.100127
0.100127
0.100127
0.100128
0.100128
0.100128
0.100129
0.100129
0.100129
0.100129
0.100129
0.100130
0.100130
0.100130
0.100130
0.100131
0.100131
0.100131
0.100131
0.100131
0.100131
0.100131
0.100132
0.100132
0.100132
0.100132
0.100132
0.100132
0.100132
0.100132
0.100132
0.100132
0.100132
0.100132
0.100133
0.100133
0.100133
0.100133
0.100133
0.100133
0.100133
0.100134
0.100134
0.100134
0.100134
0.100134
0.100135
0.100135
0.100135
0.100135
0.100136
0.100136
0.100136
0.100137
0.100137
0.100138
0.100139
0.100139
0.100139
0.100139
0.100139
0.100139
0.100139
0.100140
0.100140
0.100140
0.100141
0.100141
0.100142
0.100142
0.100142
0.100142
0.100142
0.100143
0.100143
0.100143
0.100143
0.100144
0.100145
0.100146
0.100147
0.100148
0.100149
0.100149
0.100150
0.100150
0.100150
0.100150
0.100151
0.100151
0.100151
0.100152
0.100152
0.100152
0.100152
0.100152
0.100152
0.100154
0.100156
0.100156
0.100157
0.100157
0.100158
0.100159
0.100162
0.100164
0.100169
0.100169
0.100170
0.100170
0.100171
0.100177
0.100180
0.100181
0.100182
0.100183
0.100185
0.100185
0.100186
0.100187
0.100188
0.100189
0.100190
0.100192
0.100192
0.100196
0.100196
0.100197
0.100202
0.100202
0.100202
0.100202
0.100204
0.100207
0.100208
0.100208
0.100209
0.100212
0.100217
0.100220
0.100222
0.100225
0.100227
0.100228
0.100228
0.100230
0.100231
0.100231
0.100231
0.100232
0.100232
0.100233
0.100233
0.100234
0.100235
0.100235
0.100236
0.100237
0.100238
0.100240
0.100242
0.100247
0.100248
0.100248
0.100248
0.100252
0.100252
0.100253
0.100254
0.100255
0.100256
0.100256
0.100258
0.100259
0.100259
0.100259
0.100260
0.100260
0.100261
0.100262
0.100262
0.100263
0.100263
0.100263
0.100267
0.100268
0.100268
0.100269
0.100270
0.100270
0.100271
0.100272
0.100272
0.100273
0.100274
0.100276
0.100279
0.100279
0.100279
0.100281
0.100293
0.100311
0.100325
0.100326
0.100336
0.100336
0.100340
0.100341
0.100343
0.100346
0.100352
0.100368
0.100369
0.100371
0.100371
0.100421
0.100506
0.100512
0.100525
0.100741
0.101055
0.101849
0.102465
0.102524
Minimum: 0.100063
Maximum: 0.102524
Mean: 0.100107
Median: 0.100101
Standard Deviation: 0.000056
